0.480565 -0.87665 0.0232866 0.687383 0.876925 0.48061 -0.00401009 0.55236 -0.0076763 0.0223477 0.999721 0.786151
0.478683 -0.87775 0.0204598 1.0843 0.877971 0.478688 -0.00496788 1.31756 -0.0054333 0.0203412 0.999778 0.789271
0.477284 -0.878556 0.0184031 1.48391 0.878745 0.477243 -0.00686302 2.09038 -0.00275319 0.0194472 0.999807 0.792309
0.475569 -0.879562 0.0143053 1.88358 0.879678 0.475521 -0.0068145 2.87529 -0.000808696 0.0158249 0.999874 0.796768
0.474329 -0.880248 0.0132121 2.29064 0.880347 0.474292 -0.00604467 3.66802 -0.000945582 0.0144984 0.999894 0.801038
0.472888 -0.881008 0.0142354 2.70172 0.881119 0.472871 -0.00474069 4.4689 -0.00255493 0.0147849 0.999887 0.806378
0.471519 -0.881732 0.0147828 3.11849 0.881847 0.471523 -0.00340713 5.27388 -0.00396623 0.0146427 0.999885 0.810343
0.470459 -0.882287 0.0154489 3.53457 0.882411 0.47047 -0.00315605 6.08519 -0.00448371 0.0151171 0.999876 0.812694
0.468958 -0.883093 0.0150211 3.95423 0.883212 0.468959 -0.0036732 6.89847 -0.0038005 0.0149894 0.99988 0.814863
0.468012 -0.88358 0.0158237 4.37488 0.883718 0.467989 -0.00541075 7.71484 -0.00262447 0.016516 0.99986 0.817336
0.467262 -0.883958 0.016851 4.80065 0.88411 0.467258 -0.00440531 8.53862 -0.00397967 0.0169566 0.999848 0.819431
0.467129 -0.884019 0.0173616 5.22646 0.884154 0.467196 -0.000274735 9.3709 -0.00786838 0.0154786 0.999849 0.824215
0.467689 -0.8837 0.0184801 5.65577 0.883817 0.467821 0.00335548 10.2054 -0.0116106 0.0147637 0.999824 0.829594
0.468863 -0.88303 0.0206372 6.09015 0.883155 0.469052 0.00525927 11.0425 -0.014324 0.01576 0.999773 0.830151
0.470097 -0.882356 0.021373 6.52613 0.882479 0.470312 0.00615442 11.8824 -0.0154824 0.015968 0.999753 0.826578
0.47122 -0.881788 0.02003 6.96362 0.881917 0.471386 0.00429228 12.7239 -0.0132268 0.0156422 0.99979 0.821779
0.472196 -0.881337 0.0166164 7.40325 0.881456 0.472266 0.000316469 13.5698 -0.0081263 0.0144972 0.999862 0.818354
0.473348 -0.880743 0.0152862 7.8479 0.880864 0.47336 -0.00306271 14.4199 -0.00453841 0.0149148 0.999878 0.816413
0.474016 -0.880337 0.0177972 8.29934 0.880499 0.474035 -0.00340213 15.2772 -0.00544148 0.0172831 0.999836 0.817318
0.47371 -0.880411 0.0217918 8.75434 0.880621 0.473821 -0.000107113 16.1416 -0.0102311 0.0192411 0.999763 0.817324
0.472828 -0.880752 0.026643 9.21115 0.881038 0.47304 0.00194493 17.0091 -0.0143162 0.0225539 0.999643 0.816696
0.471953 -0.880993 0.0333507 9.67444 0.881509 0.472164 -0.00172676 17.872 -0.0142257 0.0302139 0.999442 0.811428
0.470705 -0.881635 0.0340171 10.132 0.882231 0.470771 -0.00652686 18.7391 -0.01026 0.0330832 0.9994 0.804012
0.469498 -0.882378 0.0313101 10.5853 0.882914 0.469427 -0.0100568 19.6134 -0.0058239 0.0323657 0.999459 0.800793
0.467851 -0.883298 0.0300035 11.048 0.883797 0.467738 -0.0111058 20.5114 -0.004224 0.0317128 0.999488 0.810378
0.466834 -0.883798 0.0311064 11.5311 0.884322 0.466785 -0.0092602 21.4529 -0.00633585 0.0318311 0.999473 0.843714
0.465799 -0.884386 0.0298722 12.0047 0.884841 0.465866 -0.00510241 22.3858 -0.0094039 0.0288088 0.999541 0.869326
0.464629 -0.884993 0.030127 12.4793 0.885444 0.464729 -0.00401181 23.3171 -0.0104505 0.0285398 0.999538 0.893115
0.463646 -0.885495 0.0305236 12.95 0.885931 0.463814 -0.00173826 24.2393 -0.0126181 0.0278478 0.999533 0.907744
0.463423 -0.885526 0.0329029 13.4214 0.885985 0.463712 0.00131853 25.1648 -0.0164251 0.0285404 0.999458 0.922032
0.462932 -0.885929 0.0286987 13.8775 0.886209 0.463255 0.00543462 26.0824 -0.0181095 0.0229172 0.999573 0.926075
0.462953 -0.885937 0.0281228 14.3367 0.886189 0.463282 0.00620278 26.9983 -0.0185241 0.0220505 0.999585 0.929701
0.46288 -0.885992 0.0275842 14.794 0.886261 0.463164 0.00460866 27.9021 -0.0168593 0.0223135 0.999609 0.927813
0.463145 -0.885952 0.0242028 15.2441 0.88617 0.463349 0.00327668 28.8037 -0.0141173 0.0199302 0.999702 0.930567
0.462366 -0.886363 0.0240424 15.6975 0.886582 0.462561 0.00300533 29.6981 -0.0137849 0.019926 0.999706 0.937362
0.461154 -0.886922 0.0265771 16.1532 0.887189 0.461394 0.00338187 30.5905 -0.0152619 0.0220193 0.999641 0.941707
0.460352 -0.88733 0.0268639 16.6016 0.887589 0.460617 0.00431695 31.4815 -0.0162045 0.0218567 0.99963 0.948389
0.460141 -0.887535 0.0235066 17.0411 0.887731 0.460346 0.00388124 32.3668 -0.0142659 0.0190816 0.999716 0.953403
0.459651 -0.887864 0.0204658 17.4779 0.888053 0.45974 -0.000399462 33.2451 -0.00905427 0.0183583 0.99979 0.955971
0.459248 -0.888094 0.019517 17.919 0.888273 0.459314 -0.00121411 34.1238 -0.0078862 0.017894 0.999809 0.957953
0.458886 -0.888239 0.0213241 18.3627 0.888427 0.459015 0.00132014 35.0022 -0.0109607 0.0183392 0.999772 0.967194
0.458531 -0.88832 0.0252141 18.8046 0.888568 0.458737 0.00272737 35.875 -0.0139894 0.0211538 0.999678 0.971197
0.458249 -0.888417 0.0268981 19.2429 0.888697 0.458485 0.00300995 36.7438 -0.0150065 0.022525 0.999634 0.973709
0.458141 -0.888401 0.0291571 19.6793 0.888766 0.45836 0.000960606 37.604 -0.0142179 0.0254737 0.999574 0.973147
0.457725 -0.888543 0.0313008 20.1201 0.889006 0.45789 -0.00209638 38.4633 -0.0124696 0.0287862 0.999508 0.971766
0.456669 -0.889023 0.0330363 20.5542 0.88954 0.456852 -0.00220577 39.3199 -0.0131317 0.0303944 0.999452 0.970756
0.455556 -0.889412 0.0376093 20.9914 0.890038 0.455886 0.000222034 40.1799 -0.017343 0.0333726 0.999292 0.967441
0.454854 -0.889582 0.0418448 21.4222 0.890275 0.455403 0.0041447 41.0418 -0.0227433 0.0353682 0.999116 0.959498
0.454281 -0.889879 0.0417669 21.8435 0.890507 0.45492 0.00677398 41.8982 -0.0250286 0.0341165 0.999104 0.951163
0.453043 -0.890625 0.0392323 22.2634 0.891203 0.453573 0.00535717 42.7429 -0.022566 0.0325369 0.999216 0.944715
0.45201 -0.891361 0.0341054 22.6794 0.891895 0.452241 -0.00105802 43.5713 -0.0144808 0.0308967 0.999418 0.938101
0.451231 -0.891887 0.0304644 23.0923 0.892368 0.45127 -0.00598573 44.3911 -0.00840908 0.0298864 0.999518 0.936414
0.450045 -0.892618 0.0263001 23.4928 0.892959 0.450128 -0.00301713 45.2123 -0.00914528 0.0248428 0.99965 0.938926
0.449159 -0.893112 0.0246607 23.8914 0.893373 0.449315 0.000907575 46.0211 -0.011891 0.0216235 0.999695 0.94682
0.447878 -0.893798 0.0230344 24.282 0.893989 0.448072 0.00382902 46.8175 -0.0137435 0.0188776 0.999727 0.954812
0.446794 -0.894354 0.0225002 24.6674 0.894544 0.446968 0.00311507 47.5989 -0.0128428 0.0187356 0.999742 0.957389
0.445318 -0.895111 0.0216298 25.0441 0.89527 0.445503 0.00440795 48.3706 -0.0135817 0.0174016 0.999756 0.960047
0.443951 -0.895809 0.020807 25.4145 0.895938 0.444144 0.00553715 49.1305 -0.0142016 0.0161836 0.999768 0.964798
0.442482 -0.896523 0.0213889 25.7802 0.89665 0.442695 0.00631708 49.8785 -0.0151322 0.0163832 0.999751 0.968374
0.441153 -0.897158 0.0221658 26.1406 0.897293 0.441385 0.00668022 50.6158 -0.0157769 0.0169423 0.999732 0.969631
0.439833 -0.897828 0.0212625 26.4907 0.897899 0.440096 0.009632 51.3425 -0.0180054 0.0148552 0.999728 0.971254
0.438648 -0.898394 0.0218323 26.8357 0.898378 0.438989 0.0143436 52.0623 -0.0224703 0.0133219 0.999659 0.971229
0.436914 -0.899266 0.020642 27.1766 0.89917 0.437262 0.0171682 52.7639 -0.0244647 0.0110597 0.99964 0.974706
0.435588 -0.899999 0.0162684 27.4999 0.899898 0.435821 0.015592 53.4473 -0.0211229 0.00784821 0.999746 0.978662
0.434618 -0.900536 0.0119226 27.8157 0.90051 0.434731 0.00955262 54.1105 -0.0137856 0.00658466 0.999883 0.982915
0.43336 -0.901165 0.0100176 28.123 0.901184 0.433416 0.00419068 54.7565 -0.0081183 0.00721165 0.999941 0.984132
0.432949 -0.901381 0.00827237 28.4211 0.901401 0.43298 0.00234436 55.3892 -0.00569494 0.00644174 0.999963 0.989622
0.432221 -0.901735 0.00770757 28.7087 0.901725 0.432268 0.00607215 56.006 -0.00880721 0.00432559 0.999952 1.00145
0.431014 -0.902307 0.00832684 28.99 0.902265 0.43108 0.0093422 56.6023 -0.0120191 0.0034864 0.999922 1.01887
0.429868 -0.902842 0.00952912 29.2652 0.902843 0.42993 0.00580331 57.1747 -0.00933633 0.00610865 0.999938 1.03077
0.42986 -0.902785 0.0141517 29.5381 0.902884 0.429881 -0.00172662 57.7261 -0.00452479 0.0135196 0.999898 1.04014
0.430764 -0.902334 0.0153412 29.7988 0.902464 0.430681 -0.00849074 58.2623 0.00105433 0.0175024 0.999846 1.05235
0.433308 -0.901141 0.0137773 30.0488 0.901244 0.433224 -0.00870676 58.7907 0.00187737 0.0161894 0.999867 1.06466
0.436694 -0.899553 0.0101459 30.2913 0.899609 0.436682 -0.00348129 59.3102 -0.00129892 0.0106476 0.999942 1.07885
0.440705 -0.897562 0.0127338 30.5377 0.89764 0.440727 -0.00119749 59.81 -0.0045373 0.0119581 0.999918 1.08959
0.445267 -0.895205 0.0185749 30.7903 0.895356 0.44535 0.000340282 60.2928 -0.00857696 0.0164797 0.999827 1.1015
0.452154 -0.891609 0.0243031 31.0384 0.891845 0.452335 0.00226452 60.763 -0.0130122 0.0206507 0.999702 1.114
0.461278 -0.88698 0.0221267 31.2754 0.88716 0.461451 0.00315721 61.2188 -0.0130108 0.0181736 0.99975 1.12192
0.474135 -0.880286 0.0170924 31.5029 0.880356 0.474281 0.0055673 61.6665 -0.0130074 0.0124077 0.999838 1.12864
0.489774 -0.871752 0.0130602 31.7353 0.871736 0.489897 0.00877715 62.0969 -0.0140496 0.00708621 0.999876 1.13385
0.508188 -0.861129 0.0141989 31.9802 0.861115 0.508329 0.00909049 62.5036 -0.0150458 0.0076072 0.999858 1.13634
0.529879 -0.847886 0.0178119 32.2342 0.847909 0.530073 0.00855287 62.89 -0.0166935 0.0105709 0.999805 1.14045
0.553939 -0.832316 0.0200388 32.4944 0.832341 0.554183 0.00946649 63.2625 -0.0189843 0.0114352 0.999754 1.14371
0.580416 -0.81404 0.0213811 32.7621 0.814039 0.580705 0.0110241 63.6225 -0.0213902 0.0110065 0.999711 1.14585
0.609773 -0.792268 0.0221172 33.0408 0.792239 0.61009 0.0121427 63.9652 -0.0231138 0.0101178 0.999682 1.14578
0.641585 -0.766729 0.0222424 33.329 0.766673 0.64191 0.0128038 64.2925 -0.0240947 0.00883793 0.999671 1.14335
0.675202 -0.737279 0.0228317 33.6293 0.737202 0.675542 0.0132873 64.5981 -0.0252202 0.00786001 0.999651 1.1424
0.710393 -0.703498 0.0208086 33.9386 0.703373 0.710682 0.0140418 64.8801 -0.0246667 0.004661 0.999685 1.14387
0.747152 -0.664378 0.0191339 34.2594 0.664251 0.747392 0.0132648 65.1378 -0.0231134 0.00279893 0.999729 1.14428
0.784168 -0.620273 0.0185068 34.5906 0.620148 0.784384 0.012545 65.369 -0.0222978 0.00163962 0.99975 1.14057
0.82016 -0.571861 0.0176762 34.9304 0.571728 0.82035 0.0123397 65.5739 -0.0215572 -1.45333e-05 0.999768 1.13385
0.854501 -0.519177 0.0168189 35.2777 0.519048 0.854666 0.0116326 65.7518 -0.020414 -0.00121026 0.999791 1.12626
0.886216 -0.462951 0.017243 35.634 0.462865 0.886384 0.00890949 65.8986 -0.0194086 8.54516e-05 0.999812 1.12061
0.91411 -0.40509 0.0174733 35.9941 0.405008 0.914277 0.00817745 66.0224 -0.019288 -0.000398272 0.999814 1.119
0.938021 -0.346022 0.0196061 36.3607 0.345923 0.938226 0.00834818 66.1231 -0.0212836 -0.00104857 0.999773 1.11671
0.957908 -0.286232 0.021983 36.7351 0.286058 0.958152 0.0107739 66.201 -0.0241469 -0.00403206 0.9997 1.11046
0.973808 -0.226135 0.0236832 37.1105 0.225932 0.974082 0.010957 66.2537 -0.0255472 -0.00531921 0.999659 1.1024
0.985751 -0.166518 0.0237963 37.4895 0.166369 0.98603 0.00810082 66.276 -0.0248128 -0.00402643 0.999684 1.09339
0.993769 -0.108801 0.0241835 37.8657 0.108776 0.994063 0.00235731 66.275 -0.0242964 0.000287963 0.999705 1.08574
0.998289 -0.0534752 0.0236633 38.2399 0.0533979 0.998566 0.00388742 66.2617 -0.0238372 -0.0026172 0.999712 1.08087
0.999726 0.000700234 0.0233924 38.6164 -0.000901151 0.999963 0.00857954 66.2361 -0.0233855 -0.00859827 0.99969 1.07456
0.998427 0.0513613 0.0225048 38.9927 -0.0516055 0.998613 0.0104046 66.1903 -0.0219392 -0.0115496 0.999693 1.06759
0.995 0.0975045 0.0216142 39.3629 -0.0976229 0.995213 0.00449212 66.1164 -0.0210727 -0.0065797 0.999756 1.05982
0.989938 0.139744 0.0222327 39.7357 -0.139551 0.990164 -0.0100372 66.0154 -0.0234167 0.00683357 0.999702 1.04826
0.983969 0.176771 0.0236049 40.1065 -0.176421 0.984182 -0.016183 65.9121 -0.0260923 0.0117592 0.99959 1.03877
0.977418 0.210212 0.0215639 40.4807 -0.209961 0.977619 -0.013331 65.8152 -0.0238836 0.00850241 0.999679 1.03167
0.970272 0.241178 0.0201108 40.8576 -0.241197 0.970475 -0.00154721 65.7214 -0.0198902 -0.00334945 0.999797 1.03175
0.962809 0.269513 0.0190298 41.2351 -0.269661 0.962939 0.00564699 65.6101 -0.0168026 -0.0105686 0.999803 1.03526
0.955514 0.294455 0.0169702 41.6161 -0.294583 0.95561 0.00549768 65.4744 -0.0145981 -0.0102522 0.999841 1.03419
0.94818 0.317448 0.0134872 41.9973 -0.317486 0.948263 0.000724108 65.3199 -0.0125595 -0.00496857 0.999909 1.02984
0.94152 0.336934 0.00383876 42.3834 -0.336915 0.941523 -0.00477382 65.1482 -0.00522274 0.00320131 0.999981 1.01004
0.934693 0.35543 -0.00438652 42.7785 -0.355446 0.93469 -0.00358807 64.9785 0.00282473 0.00491292 0.999984 0.99185
0.928186 0.372088 -0.00458592 43.1922 -0.372094 0.928195 -0.000557145 64.8032 0.00404932 0.00222353 0.999989 0.986745
0.922286 0.386504 0.00167935 43.6208 -0.386505 0.922287 0.000442812 64.6144 -0.0013777 -0.00105748 0.999999 0.992418
0.91649 0.400022 0.00527562 44.0513 -0.400023 0.916505 -0.000873649 64.4093 -0.00518461 -0.00130968 0.999986 0.997893
0.910944 0.412478 0.00659334 44.4871 -0.412463 0.910967 -0.00353964 64.1908 -0.00746634 0.000504901 0.999972 1.00008
0.90594 0.423367 0.00577645 44.9295 -0.423326 0.90595 -0.00711225 63.9592 -0.00824427 0.00399795 0.999958 0.997959
0.901426 0.432916 0.0038176 45.3833 -0.432865 0.901407 -0.00966894 63.7174 -0.00762704 0.00706333 0.999946 0.995903
0.897647 0.44071 0.00223751 45.8502 -0.440661 0.897604 -0.01123 63.4668 -0.00695757 0.00909459 0.999934 0.994282
0.894941 0.446182 0.00121058 46.3314 -0.446134 0.894878 -0.0125573 63.2062 -0.00668617 0.010698 0.99992 0.991132
0.892315 0.451414 -0.000414951 46.8263 -0.451379 0.892233 -0.0132829 62.9376 -0.00562584 0.0120398 0.999912 0.985532
0.889428 0.457074 -0.00139389 47.3387 -0.457051 0.889345 -0.0130421 62.6585 -0.00472156 0.0122371 0.999914 0.978197
0.887265 0.461253 -0.00249977 47.8678 -0.461235 0.88715 -0.0150448 62.366 -0.00472177 0.0145017 0.999884 0.973062
0.885608 0.464423 -0.00316325 48.4058 -0.464408 0.885466 -0.0165855 62.0597 -0.00490176 0.0161573 0.999857 0.966927
0.883972 0.467527 -0.00332678 48.9622 -0.467509 0.883812 -0.0176289 61.7453 -0.00530173 0.0171387 0.999839 0.961904
0.882472 0.470351 -0.0035266 49.5306 -0.470327 0.882283 -0.0192181 61.4168 -0.00592781 0.0186181 0.999809 0.955941
0.881764 0.471659 -0.00544906 50.112 -0.471651 0.881479 -0.0232392 61.0787 -0.00615774 0.0230615 0.999715 0.949504
0.881821 0.47153 -0.00713158 50.7051 -0.471541 0.881437 -0.0267935 60.73 -0.00634791 0.02699 0.999616 0.941576
0.882598 0.470059 -0.00803764 51.3179 -0.470084 0.882156 -0.0286666 60.3778 -0.00638456 0.0290795 0.999557 0.934213
0.884037 0.467319 -0.00953922 51.9468 -0.467379 0.883523 -0.03073 60.0211 -0.0059326 0.0316249 0.999482 0.927557
0.885769 0.464022 -0.00985964 52.5925 -0.464089 0.885224 -0.0316099 59.6579 -0.00593969 0.0325748 0.999452 0.921297
0.88752 0.460681 -0.00907652 53.2578 -0.460709 0.886911 -0.0336883 59.2938 -0.00746949 0.0340807 0.999391 0.918842
0.889304 0.457249 -0.0078632 53.9376 -0.457232 0.888677 -0.0345282 58.9273 -0.00880015 0.0343014 0.999373 0.916902
0.891152 0.45368 -0.00465068 54.637 -0.453572 0.8906 -0.0332324 58.5608 -0.010935 0.0317246 0.999437 0.912552
0.892964 0.450118 -0.00308567 55.3426 -0.449967 0.89244 -0.0328716 58.1927 -0.0120423 0.0307416 0.999455 0.907053
0.894754 0.446551 -0.0026992 56.0579 -0.44642 0.894306 -0.0304281 57.8258 -0.0111738 0.0284306 0.999533 0.903464
0.896258 0.443509 -0.00452746 56.7773 -0.44346 0.895881 -0.0272158 57.4606 -0.00801441 0.0264002 0.999619 0.9024
0.896887 0.4422 -0.0073302 57.5032 -0.442255 0.896671 -0.0197674 57.0987 -0.00216837 0.020971 0.999778 0.901565
0.896741 0.44247 -0.00868852 58.2318 -0.442555 0.896597 -0.016114 56.7299 0.000660128 0.0182952 0.999832 0.901065
0.896771 0.442427 -0.0077292 58.9636 -0.442494 0.896664 -0.0138651 56.3594 0.000796214 0.0158539 0.999874 0.908318
0.896735 0.44255 -0.00391315 59.6976 -0.442563 0.896651 -0.0124756 55.989 -0.00201234 0.0129191 0.999915 0.919614
0.896665 0.442693 -0.00372975 60.427 -0.442701 0.896569 -0.013429 55.6146 -0.00260096 0.0136925 0.999903 0.928281
0.896743 0.442549 -0.00169503 61.1571 -0.442536 0.896669 -0.012117 55.241 -0.0038425 0.011616 0.999925 0.93772
0.8966 0.442841 -0.000802178 61.8848 -0.442823 0.896545 -0.0106759 54.8661 -0.00400853 0.00992723 0.999943 0.950379
0.896632 0.442777 -0.000283848 62.6115 -0.442764 0.896602 -0.00809987 54.4965 -0.00333193 0.00738828 0.999967 0.959222
0.896103 0.443845 0.000117461 63.3369 -0.443839 0.896093 -0.00494368 54.1268 -0.00229949 0.00437792 0.999988 0.967534
0.894887 0.446291 0.0015705 64.0621 -0.446287 0.894887 -0.00238076 53.7573 -0.00246793 0.00142961 0.999996 0.976379
0.893168 0.449705 0.00407367 64.7853 -0.449707 0.893176 -0.000547683 53.3842 -0.0038848 -0.00134278 0.999992 0.985684
0.890962 0.454016 0.00744037 65.508 -0.454031 0.890986 0.000273789 53.008 -0.00650496 -0.00362209 0.999972 0.996203
0.888063 0.459598 0.0106591 66.2264 -0.459634 0.888108 0.00111529 52.6255 -0.00895388 -0.00588975 0.999943 1.00518
0.884616 0.466183 0.0113023 66.9369 -0.466229 0.884662 0.00172546 52.2375 -0.00919434 -0.00679583 0.999935 1.0125
0.880521 0.473882 0.0108824 67.6391 -0.473936 0.880555 0.0028671 51.8463 -0.00822384 -0.00768208 0.999937 1.01771
0.875687 0.482772 0.0101297 68.3346 -0.482821 0.875714 0.0029231 51.4447 -0.00745955 -0.00745056 0.999944 1.02236
0.87068 0.491739 0.010435 69.0233 -0.491781 0.870717 0.00175286 51.039 -0.00822397 -0.00665791 0.999944 1.02841
0.8653 0.501103 0.0123362 69.7042 -0.501161 0.865352 0.00196827 50.6307 -0.00968888 -0.00788559 0.999922 1.03484
0.859634 0.510755 0.0125957 70.3789 -0.510804 0.859697 0.000765655 50.2126 -0.0104374 -0.00709211 0.99992 1.03744
0.853883 0.520312 0.0126059 71.044 -0.520359 0.853947 0.000536795 49.7897 -0.0104855 -0.00701796 0.99992 1.03996
0.84805 0.529776 0.0121735 71.6995 -0.529824 0.848107 0.000893767 49.3642 -0.00985092 -0.00720776 0.999925 1.04343
0.842287 0.538906 0.0115776 72.3476 -0.538959 0.84233 0.00186268 48.9342 -0.00874834 -0.00780875 0.999931 1.04632
0.836642 0.547649 0.0105071 72.9847 -0.547695 0.836676 0.00194065 48.5008 -0.00772822 -0.0073783 0.999943 1.04879
0.831328 0.555699 0.00961705 73.6106 -0.555737 0.831356 0.00175505 48.0647 -0.00701991 -0.00680358 0.999952 1.05238
0.825912 0.563726 0.00907351 74.2258 -0.563761 0.825937 0.0015821 47.6252 -0.00660227 -0.00642196 0.999958 1.05754
0.820487 0.571596 0.00884968 74.8322 -0.571627 0.820512 0.00125124 47.1861 -0.00654607 -0.00608535 0.99996 1.06156
0.81544 0.578779 0.00848566 75.4271 -0.578801 0.815469 8.59601e-05 46.7439 -0.00687004 -0.0049816 0.999964 1.06682
0.811016 0.584957 0.00883114 76.0129 -0.584966 0.811056 -0.00187593 46.3009 -0.00825989 -0.0036445 0.999959 1.07222
0.807808 0.589382 0.00867291 76.5872 -0.58936 0.807854 -0.00509857 45.8595 -0.0100114 -0.000992799 0.999949 1.07945
0.805348 0.59274 0.00859273 77.1559 -0.592679 0.805392 -0.00871525 45.4188 -0.0120864 0.00192609 0.999925 1.08281
0.803554 0.595168 0.00872433 77.7156 -0.595077 0.803593 -0.0110433 44.9851 -0.0135834 0.00368226 0.999901 1.08466
0.802451 0.596648 0.00906671 78.2624 -0.596544 0.802492 -0.0118776 44.5619 -0.0143627 0.00412247 0.999888 1.08636
0.801807 0.597518 0.00882531 78.7996 -0.59741 0.801843 -0.0122068 44.1458 -0.0143703 0.0045152 0.999887 1.08734
0.802159 0.597064 0.00737066 79.3216 -0.596961 0.802174 -0.0123962 43.7398 -0.0133139 0.00554377 0.999896 1.0882
0.803792 0.594883 0.00574245 79.8309 -0.594787 0.803784 -0.0126595 43.3464 -0.0121466 0.0067601 0.999903 1.08931
0.806624 0.591044 0.00494145 80.3299 -0.590957 0.806609 -0.0123398 42.9683 -0.0112792 0.00703338 0.999912 1.09106
0.811067 0.584934 0.00477193 80.8174 -0.584857 0.811055 -0.0115412 42.6093 -0.0106212 0.00656983 0.999922 1.09373
0.817271 0.576232 0.00489457 81.2938 -0.576163 0.817265 -0.0106769 42.2664 -0.0101526 0.00590589 0.999931 1.09767
0.824868 0.565305 0.00485421 81.7577 -0.565239 0.824862 -0.0103981 41.9422 -0.00988212 0.00583324 0.999934 1.10239
0.834152 0.551519 0.00416128 82.2126 -0.551471 0.834147 -0.00890796 41.6422 -0.00838402 0.00513577 0.999952 1.10675
0.845233 0.534392 0.00236268 82.6679 -0.534368 0.845225 -0.00666431 41.36 -0.00555835 0.00437036 0.999975 1.11476
0.857705 0.514142 0.000253802 83.1238 -0.514137 0.857699 -0.00384318 41.0935 -0.00219362 0.00316582 0.999993 1.12311
0.871652 0.490125 -0.000804 83.5841 -0.490126 0.87165 -0.00188358 40.8397 -0.000222384 0.00203589 0.999998 1.12987
0.887029 0.461714 -0.000495813 84.0506 -0.461715 0.887028 -0.00108784 40.6021 -6.24734e-05 0.00119387 0.999999 1.13692
0.903569 0.42844 0.00130972 84.5227 -0.428437 0.903569 -0.00195541 40.3828 -0.0020212 0.00120572 0.999997 1.14448
0.920583 0.390519 0.00465931 85.002 -0.390511 0.920595 -0.00258072 40.1876 -0.00529715 0.000556252 0.999986 1.15315
0.937074 0.349002 0.00952013 85.4857 -0.348992 0.937122 -0.00276528 40.0181 -0.00988661 -0.000731178 0.999951 1.16145
0.952783 0.303323 0.0141407 85.9769 -0.303339 0.952882 -0.00104164 39.8714 -0.0137904 -0.00329696 0.9999 1.16976
0.967247 0.253282 0.0167878 86.468 -0.253335 0.967378 0.00112241 39.76 -0.0159559 -0.0053386 0.999858 1.17877
0.979909 0.198713 0.0171003 86.9548 -0.198769 0.980045 0.00164964 39.6749 -0.0164312 -0.0050155 0.999852 1.18233
0.990183 0.139008 0.0146313 87.4374 -0.139004 0.990291 -0.00132917 39.6157 -0.014674 -0.000717681 0.999892 1.18575
0.997147 0.0748363 0.00990862 87.9132 -0.0748113 0.997194 -0.00287524 39.5921 -0.010096 0.00212576 0.999947 1.18944
0.999957 0.00835264 0.00403121 88.3847 -0.00832947 0.999949 -0.00573106 39.6008 -0.00407887 0.00569723 0.999975 1.19369
0.998233 -0.059423 -0.00021208 88.8505 0.0594216 0.998224 -0.00423819 39.6498 0.00046355 0.0042181 0.999991 1.19652
0.991856 -0.127315 -0.00353001 89.3099 0.127305 0.991859 -0.00292385 39.7324 0.00387352 0.00245065 0.999989 1.1997
0.980802 -0.194918 -0.00579607 89.7619 0.194896 0.980815 -0.00410918 39.8438 0.00648582 0.00290067 0.999975 1.20456
0.965359 -0.260874 -0.00519441 90.2056 0.260842 0.965362 -0.00617384 39.9835 0.00662508 0.00460505 0.999967 1.21253
0.945643 -0.325204 -0.00100281 90.6394 0.325193 0.94563 -0.00584929 40.1547 0.00285049 0.00520523 0.999982 1.22243
0.921687 -0.3879 0.00526859 91.0598 0.387923 0.921681 -0.00446139 40.3575 -0.00312539 0.00615581 0.999976 1.23372
0.894489 -0.446978 0.0100199 91.4651 0.447017 0.894523 -0.00197804 40.5919 -0.00807887 0.00624839 0.999948 1.24334
0.865052 -0.501445 0.0154429 91.8599 0.501491 0.865162 0.000964941 40.8502 -0.0138445 0.00690976 0.99988 1.24922
0.835033 -0.549892 0.0183836 92.2414 0.549886 0.835219 0.00581752 41.1343 -0.0185533 0.00525106 0.999814 1.25638
0.806082 -0.591504 0.0188457 92.6084 0.591439 0.806295 0.00942449 41.4379 -0.0207698 0.0035492 0.999778 1.2595
0.779605 -0.626058 0.0163748 92.9651 0.625848 0.779773 0.0164056 41.768 -0.0230395 -0.00254172 0.999731 1.25581
0.755764 -0.654731 0.012219 93.3107 0.654506 0.755841 0.0180287 42.1043 -0.0210396 -0.00562805 0.999763 1.24684
0.733915 -0.679172 0.00974195 93.6565 0.678953 0.733946 0.0185945 42.4492 -0.0197789 -0.00703245 0.99978 1.23702
0.717347 -0.696588 0.0133609 94.007 0.696453 0.717471 0.0136905 42.793 -0.0191227 -0.000515616 0.999817 1.23045
0.70578 -0.708254 0.0158225 94.3554 0.708162 0.705952 0.0118032 43.1467 -0.0195296 0.00287446 0.999805 1.22893
0.69637 -0.717566 0.012937 94.701 0.717434 0.69649 0.013806 43.5161 -0.0189172 -0.000332619 0.999821 1.22184
0.689197 -0.724519 0.00892816 95.0504 0.724325 0.689231 0.0177148 43.8993 -0.0189883 -0.00574207 0.999803 1.20833
0.684581 -0.72893 0.0030194 95.4018 0.728722 0.684474 0.0214567 44.2901 -0.0177071 -0.0124885 0.999765 1.20109
0.682447 -0.730926 -0.00361035 95.7617 0.730801 0.68222 0.0224837 44.687 -0.0139709 -0.0179824 0.999741 1.1986
0.681774 -0.731536 -0.00625766 96.133 0.731467 0.681522 0.0219774 45.0862 -0.0118125 -0.0195609 0.999739 1.20007
0.683368 -0.730039 -0.00716525 96.5161 0.730018 0.68316 0.0191219 45.4887 -0.0090647 -0.018298 0.999791 1.19984
0.686464 -0.727103 -0.00938817 96.9101 0.72716 0.686364 0.01191 45.894 -0.00221612 -0.0150025 0.999885 1.19498
0.689542 -0.724148 -0.0119116 97.3099 0.724239 0.689512 0.00712988 46.3076 0.00305009 -0.0135432 0.999904 1.19114
0.69272 -0.721049 -0.015069 97.7193 0.721203 0.692637 0.0110067 46.7412 0.00250092 -0.0184924 0.999826 1.19375
0.696815 -0.717082 -0.0155479 98.1385 0.717249 0.696608 0.0170418 47.1848 -0.00138954 -0.0230267 0.999734 1.19866
0.700382 -0.71368 -0.0112102 98.5775 0.713744 0.700141 0.0192934 47.6266 -0.0059206 -0.021514 0.999751 1.20337
0.703079 -0.711095 -0.00484355 99.0298 0.711014 0.702853 0.0213612 48.0723 -0.0117855 -0.0184624 0.99976 1.20665
0.705561 -0.70865 -0.00018847 99.4893 0.708453 0.705359 0.0237199 48.5263 -0.0166762 -0.0168694 0.999719 1.20769
0.70786 -0.706343 0.00373056 99.9556 0.706123 0.707754 0.0217751 48.9838 -0.018021 -0.0127795 0.999756 1.20355
0.708311 -0.705884 0.00494245 100.429 0.705734 0.708278 0.0168115 49.4435 -0.0153676 -0.00841972 0.999846 1.19913
0.708178 -0.706029 0.00256894 100.906 0.705971 0.708158 0.0108213 49.911 -0.00945941 -0.00584984 0.999938 1.19527
0.707778 -0.70643 -0.00272882 101.385 0.706434 0.707763 0.00486143 50.3894 -0.00150291 -0.00536854 0.999985 1.19166
0.706125 -0.708045 -0.00777853 101.873 0.708081 0.706123 0.00351422 50.882 0.00300437 -0.00798931 0.999964 1.18918
0.704315 -0.709869 -0.00505805 102.377 0.709887 0.70429 0.00596045 51.3871 -0.000668811 -0.00778868 0.999969 1.18921
0.703044 -0.711144 0.00189985 102.893 0.711102 0.703028 0.00924437 51.9028 -0.00790972 -0.00514821 0.999955 1.19432
0.701173 -0.71297 0.00553636 103.413 0.712838 0.701162 0.0152713 52.4295 -0.0147699 -0.00676132 0.999868 1.20008
0.699795 -0.714337 0.003183 103.929 0.714196 0.699733 0.0172501 52.9635 -0.0145496 -0.00979824 0.999846 1.2
0.698437 -0.715663 -0.00355265 104.447 0.715603 0.698292 0.017337 53.5065 -0.00992669 -0.0146511 0.999843 1.19638
0.69584 -0.718159 -0.00742252 104.976 0.718183 0.695724 0.0134722 54.0522 -0.00451117 -0.0147052 0.999882 1.19167
0.692861 -0.721018 -0.00872216 105.514 0.72107 0.692791 0.00991408 54.608 -0.0011056 -0.0131584 0.999913 1.18958
0.690097 -0.723688 -0.00650103 106.061 0.723713 0.690033 0.00972389 55.1765 -0.00255114 -0.0114153 0.999932 1.19203
0.687464 -0.726214 -0.00261907 106.615 0.726208 0.68743 0.0079381 55.7508 -0.00396433 -0.00735914 0.999965 1.19695
0.68604 -0.727564 5.62416e-05 107.175 0.727532 0.68601 0.00937414 56.338 -0.00685887 -0.00639012 0.999956 1.20205
0.684879 -0.728648 0.00373273 107.746 0.728596 0.684878 0.00951302 56.9409 -0.00948811 -0.00379561 0.999948 1.20207
0.684369 -0.729088 0.00837699 108.322 0.729055 0.684419 0.00698828 57.5422 -0.0108284 0.00132473 0.99994 1.20089
0.683894 -0.72953 0.00862039 108.897 0.72948 0.683948 0.00856963 58.1545 -0.0121477 0.000427687 0.999926 1.20169
0.684245 -0.729239 0.00433499 109.467 0.729178 0.684248 0.0102493 58.7707 -0.0104404 -0.00385205 0.999938 1.20201
0.684698 -0.728824 -0.00182606 110.039 0.728791 0.684637 0.0116759 59.3913 -0.00725946 -0.00932525 0.99993 1.20162
0.685245 -0.728265 -0.00833413 110.615 0.72829 0.685088 0.0157777 60.0153 -0.00578074 -0.0168812 0.999841 1.20035
0.687103 -0.726438 -0.0133172 111.195 0.726532 0.6868 0.0213873 60.6467 -0.00639032 -0.0243706 0.999683 1.20324
0.689482 -0.724164 -0.0141945 111.782 0.724245 0.689047 0.0261361 61.2766 -0.00914616 -0.0283006 0.999558 1.20856
0.691292 -0.722424 -0.0147982 112.377 0.722524 0.690855 0.0260375 61.9 -0.00858669 -0.0286916 0.999551 1.21148
0.6928 -0.720943 -0.0164204 112.974 0.72111 0.692431 0.0232377 62.5249 -0.00538312 -0.02794 0.999595 1.20974
0.693528 -0.72035 -0.0106609 113.586 0.720402 0.693297 0.0189984 63.1568 -0.00629433 -0.0208561 0.999763 1.20046
0.69384 -0.720106 -0.00582413 114.198 0.720103 0.693724 0.014104 63.782 -0.00611601 -0.0139799 0.999884 1.19653
0.694905 -0.719087 -0.00456677 114.803 0.719075 0.694812 0.0129308 64.4097 -0.00612531 -0.0122695 0.999906 1.19591
0.695651 -0.718355 -0.00595578 115.405 0.718336 0.695494 0.016784 65.0439 -0.00791468 -0.0159541 0.999841 1.19309
0.696309 -0.717729 -0.00431309 116.008 0.717623 0.696071 0.0223875 65.6787 -0.0130659 -0.0186838 0.99974 1.18962
0.696999 -0.717062 -0.00367498 116.611 0.716816 0.696605 0.0302499 66.3088 -0.019131 -0.0237184 0.999536 1.19073
0.697919 -0.716149 -0.00639375 117.206 0.716053 0.697604 0.0248192 66.9109 -0.013314 -0.0219001 0.999671 1.19724
0.698273 -0.715745 -0.0111355 117.804 0.715832 0.69819 0.0107618 67.4974 7.19628e-05 -0.0154858 0.99988 1.20508
0.69799 -0.715968 -0.0141238 118.404 0.71602 0.698077 -0.0018156 68.083 0.0111594 -0.00884568 0.999899 1.21423
0.697376 -0.716638 -0.00981773 119.009 0.716685 0.697395 0.00194336 68.6877 0.00545415 -0.00839147 0.99995 1.22695
0.696416 -0.717614 0.0058805 119.621 0.717457 0.696401 0.016788 69.3053 -0.0161425 -0.00747242 0.999842 1.24109
0.695195 -0.718606 0.0175905 120.228 0.718019 0.695368 0.0302113 69.919 -0.0339419 -0.00837239 0.999389 1.25438
0.694823 -0.719057 0.0133444 120.814 0.718586 0.694884 0.0277578 70.5122 -0.0292322 -0.00969763 0.999526 1.24674
0.6942 -0.719781 -0.000658718 121.39 0.719653 0.694059 0.0194993 71.0962 -0.013578 -0.0140105 0.99981 1.228
0.693442 -0.720485 -0.00626794 121.972 0.720499 0.69335 0.0121499 71.6784 -0.00440793 -0.0129413 0.999907 1.21153
0.692099 -0.721789 -0.00440367 122.561 0.721798 0.692057 0.00805139 72.2638 -0.00276381 -0.00875092 0.999958 1.21174
0.690135 -0.723677 -0.00226695 123.139 0.723654 0.690079 0.0107228 72.863 -0.00619546 -0.00904066 0.99994 1.21234
0.687582 -0.726101 -0.00281763 123.708 0.726092 0.687539 0.00895109 73.4572 -0.00456217 -0.00820048 0.999956 1.2013
0.68406 -0.729413 -0.0043834 124.274 0.729423 0.684026 0.00715087 74.0485 -0.00221758 -0.00808898 0.999965 1.18637
0.681703 -0.731593 -0.00725304 124.83 0.731622 0.681619 0.011148 74.6488 -0.00321196 -0.0129061 0.999912 1.18235
0.68005 -0.733051 -0.0129808 125.384 0.733165 0.679909 0.0139196 75.2493 -0.00137797 -0.0189831 0.999819 1.17533
0.67867 -0.734322 -0.013339 125.942 0.734434 0.678455 0.0174679 75.85 -0.00377715 -0.0216516 0.999758 1.17439
0.677612 -0.735358 -0.00947762 126.505 0.735371 0.677363 0.020222 76.4475 -0.00845059 -0.0206722 0.999751 1.17353
0.676648 -0.736261 -0.00823342 127.062 0.736251 0.676417 0.0198697 77.0411 -0.00906002 -0.0195066 0.999769 1.17256
0.674779 -0.737967 -0.0087657 127.614 0.737999 0.674625 0.0154428 77.6351 -0.0054827 -0.0168895 0.999842 1.17027
0.671479 -0.740991 -0.00698662 128.162 0.741019 0.671412 0.00985901 78.2219 -0.00261454 -0.0117973 0.999927 1.16432
0.66664 -0.745359 -0.00556148 128.707 0.74538 0.666615 0.00574431 78.8211 -0.000574209 -0.0079748 0.999968 1.16342
0.661583 -0.749868 -0.00250283 129.246 0.749856 0.661544 0.00866516 79.4335 -0.00484199 -0.00760949 0.999959 1.1665
0.656858 -0.754005 0.00365328 129.785 0.75389 0.65683 0.0149625 80.051 -0.0136814 -0.00707409 0.999881 1.1707
0.653505 -0.756834 0.0115769 130.316 0.756588 0.653595 0.0197003 80.6733 -0.0224765 -0.00411524 0.999739 1.16587
0.650338 -0.759597 0.00849391 130.833 0.759183 0.650292 0.027575 81.2991 -0.0264695 -0.0114847 0.999584 1.15826
0.647029 -0.762458 0.00331521 131.342 0.762155 0.646884 0.0257152 81.9188 -0.0217514 -0.0141118 0.999664 1.14856
0.641802 -0.766867 -0.00232575 131.854 0.766783 0.64168 0.0170475 82.5303 -0.0115808 -0.0127245 0.999852 1.13649
0.636788 -0.771031 -0.00365604 132.368 0.771024 0.636737 0.00939882 83.1498 -0.00491884 -0.00880395 0.999949 1.12388
0.631632 -0.775265 -0.00238205 132.883 0.775252 0.631595 0.00853822 83.782 -0.00511489 -0.0072397 0.999961 1.12023
0.625585 -0.780135 -0.00563969 133.389 0.780105 0.625445 0.0159821 84.4303 -0.00894086 -0.0143977 0.999856 1.12444
0.619425 -0.784982 -0.0107686 133.886 0.785014 0.619193 0.0187637 85.0795 -0.00806135 -0.0200762 0.999766 1.12361
0.611647 -0.790969 -0.0159761 134.384 0.791127 0.611457 0.0154804 85.7219 -0.00247586 -0.0221077 0.999753 1.11962
0.604769 -0.796231 -0.0164353 134.88 0.796401 0.604651 0.0119505 86.368 0.000422265 -0.0203164 0.999794 1.11209
0.598301 -0.801115 -0.0158089 135.374 0.80127 0.598161 0.0130043 87.0268 -0.000961743 -0.0204477 0.99979 1.10869
0.591972 -0.805822 -0.0148115 135.857 0.80592 0.591666 0.0205886 87.7008 -0.00782725 -0.0241247 0.999678 1.10453
0.585459 -0.810574 -0.0143841 136.333 0.810587 0.584986 0.0271954 88.381 -0.0136294 -0.0275813 0.999527 1.10355
0.579275 -0.815044 -0.0119648 136.807 0.814943 0.578763 0.0300314 89.0571 -0.0175522 -0.0271471 0.999477 1.10012
0.57404 -0.818751 -0.0111549 137.278 0.818603 0.573512 0.0311866 89.7335 -0.0191366 -0.0270338 0.999451 1.09433
0.570412 -0.82128 -0.0113484 137.744 0.82116 0.569917 0.029825 90.4123 -0.018027 -0.0263314 0.999491 1.08938
0.566748 -0.823695 -0.0179687 138.201 0.823804 0.566239 0.0268245 91.0917 -0.0119206 -0.0300054 0.999479 1.08564
0.5638 -0.82548 -0.026702 138.647 0.825887 0.563242 0.025871 91.776 -0.00631631 -0.0366389 0.999309 1.07905
0.561522 -0.826938 -0.0294335 139.096 0.827457 0.561046 0.0232704 92.462 -0.0027296 -0.0374218 0.999296 1.0705
0.55894 -0.828737 -0.027945 139.556 0.829165 0.558246 0.0291214 93.1596 -0.00853376 -0.0394481 0.999185 1.06264
0.55712 -0.830057 -0.0249427 140.012 0.830239 0.556092 0.0382733 93.8651 -0.0178986 -0.0420312 0.998956 1.05361
0.554379 -0.831986 -0.021538 140.468 0.831852 0.553104 0.0457986 94.5669 -0.026191 -0.0433062 0.998718 1.04543
0.550436 -0.834614 -0.0209936 140.918 0.834527 0.549301 0.0428198 95.2568 -0.0242062 -0.0410892 0.998862 1.03264
0.546114 -0.837544 -0.0167311 141.371 0.837561 0.545528 0.0298439 95.935 -0.0158683 -0.0303114 0.999415 1.01697
0.540354 -0.841288 -0.0158664 141.818 0.841394 0.540039 0.020314 96.62 -0.00852149 -0.0243266 0.999668 0.996732
0.534517 -0.844957 -0.0184232 142.25 0.845099 0.534094 0.0234955 97.3247 -0.010013 -0.0281281 0.999554 0.982305
0.528255 -0.848963 -0.0144644 142.687 0.848954 0.527795 0.0266323 98.0352 -0.0149756 -0.0263483 0.999541 0.972595
0.521929 -0.852946 -0.00859364 143.128 0.85276 0.521529 0.028426 98.7467 -0.019764 -0.0221647 0.999559 0.961406
0.51696 -0.856009 -0.000296134 143.568 0.855725 0.516779 0.0259549 99.4626 -0.0220646 -0.013671 0.999663 0.945279
0.51174 -0.859131 0.00403089 144.004 0.858834 0.511677 0.0243098 100.185 -0.0229478 -0.00897842 0.999696 0.932742
0.506534 -0.862209 0.00424136 144.428 0.862041 0.506523 0.0178718 100.905 -0.0175576 -0.00539645 0.999831 0.920502
0.500526 -0.865702 0.00573945 144.848 0.86569 0.500554 0.0052588 101.619 -0.00742546 0.00233641 0.99997 0.9048
0.494549 -0.869065 0.0121541 145.274 0.86915 0.494495 -0.00733257 102.334 0.000362338 0.01419 0.999899 0.894804
0.488947 -0.872196 0.0143234 145.689 0.872282 0.489004 0.000489938 103.077 -0.00743152 0.0122545 0.999897 0.888031
0.484198 -0.874875 0.0120987 146.091 0.874721 0.484343 0.016573 103.839 -0.0203592 0.00255833 0.999789 0.883329
0.479777 -0.877323 0.0109338 146.49 0.876904 0.479888 0.0273332 104.597 -0.0292271 -0.00352594 0.999567 0.878646
0.476318 -0.879212 0.0103522 146.887 0.878839 0.47642 0.0258161 105.342 -0.0276298 -0.00319875 0.999613 0.864325
0.474836 -0.880064 0.00415049 147.277 0.879906 0.474833 0.0172775 106.083 -0.0171761 -0.00455196 0.999842 0.847433
0.472514 -0.881267 -0.00997238 147.656 0.881294 0.472376 0.013436 106.832 -0.00712994 -0.0151373 0.99986 0.83521
0.470778 -0.882171 -0.0119553 148.048 0.882244 0.470676 0.0104341 107.584 -0.00357755 -0.0154597 0.999874 0.827484
0.468357 -0.883526 -0.00480714 148.457 0.883512 0.468292 0.0104458 108.337 -0.00697799 -0.00913952 0.999934 0.825397
0.46793 -0.883766 -0.000426438 148.859 0.883621 0.467844 0.0183311 109.101 -0.0160009 -0.00895446 0.999832 0.822447
0.468145 -0.883651 0.00103067 149.255 0.883369 0.468025 0.0247344 109.869 -0.022339 -0.0106689 0.999694 0.821431
0.466708 -0.88441 0.001432 149.654 0.884161 0.466614 0.0230248 110.627 -0.0210315 -0.00947974 0.999734 0.818799
0.464982 -0.885319 -0.00158716 150.047 0.885216 0.464899 0.0161551 111.38 -0.0135645 -0.00891679 0.999868 0.815174
0.46319 -0.886257 0.0016607 150.45 0.886257 0.463192 0.00141763 112.123 -0.00202561 0.000815174 0.999998 0.810394
0.461251 -0.887222 0.00919413 150.856 0.887263 0.461183 -0.00858834 112.868 0.00337958 0.012119 0.999921 0.810712
0.460148 -0.887785 0.0100835 151.252 0.887842 0.460131 -0.00409455 113.633 -0.00100464 0.0108366 0.999941 0.815602
0.45892 -0.88842 0.0100996 151.642 0.888417 0.458992 0.0064946 114.404 -0.0104056 0.00599215 0.999928 0.825789
0.457335 -0.889231 0.0106718 152.027 0.889147 0.457445 0.0126955 115.164 -0.016171 0.00368274 0.999862 0.831312
0.45652 -0.889649 0.0107018 152.413 0.889627 0.456611 0.00839398 115.91 -0.0123542 0.00568855 0.999907 0.829642
0.456528 -0.889679 0.00734032 152.798 0.889689 0.456558 0.00293701 116.653 -0.00596427 0.00518978 0.999969 0.826163
0.456336 -0.889807 0.000539306 153.172 0.889797 0.456334 0.00443392 117.406 -0.00419143 -0.00154349 0.99999 0.825485
0.45591 -0.890026 -0.000249171 153.551 0.889986 0.455887 0.0095805 118.159 -0.0084133 -0.00458961 0.999954 0.828805
0.455137 -0.890419 -0.00193889 153.929 0.890348 0.455071 0.013846 118.908 -0.0114464 -0.00802812 0.999902 0.832766
0.454811 -0.890582 -0.00324869 154.306 0.890472 0.454689 0.0178245 119.657 -0.014397 -0.0109996 0.999836 0.831013
0.454343 -0.890801 -0.00681376 154.676 0.890712 0.454148 0.0195141 120.403 -0.0142887 -0.0149352 0.999786 0.828828
0.453837 -0.891061 -0.00641902 155.047 0.891002 0.453686 0.0168648 121.142 -0.0121154 -0.0133732 0.999837 0.827196
0.452993 -0.891446 -0.0109976 155.409 0.891492 0.45286 0.012609 121.872 -0.00625988 -0.015516 0.99986 0.822467
0.451892 -0.891984 -0.0125562 155.769 0.892058 0.451758 0.0121378 122.603 -0.00515431 -0.0166858 0.999847 0.816062
0.454407 -0.890701 -0.0128984 156.093 0.890783 0.454281 0.0116399 123.237 -0.00450817 -0.0167789 0.999849 0.809738
0.457095 -0.88932 -0.0131985 156.415 0.88941 0.456976 0.0111262 123.867 -0.00386334 -0.0168246 0.999851 0.803423
0.459778 -0.887931 -0.013502 156.737 0.888028 0.459667 0.0106143 124.497 -0.00321832 -0.0168704 0.999852 0.797106
0.462457 -0.886534 -0.0138086 157.059 0.886638 0.462354 0.0101044 125.127 -0.00257346 -0.0169161 0.999854 0.79079
0.465131 -0.885129 -0.0141184 157.381 0.88524 0.465036 0.00959657 125.757 -0.00192865 -0.0169618 0.999854 0.784474
0.467801 -0.883716 -0.0144314 157.703 0.883833 0.467715 0.00909056 126.387 -0.00128368 -0.0170075 0.999855 0.778156
0.470467 -0.882294 -0.0147476 158.025 0.882417 0.470389 0.00858652 127.017 -0.000638714 -0.0170532 0.999854 0.771838
0.473128 -0.880865 -0.015067 158.347 0.880993 0.473059 0.00808447 127.648 6.27642e-06 -0.0170989 0.999854 0.765519
0.475785 -0.879427 -0.0153896 158.669 0.879561 0.475725 0.00758443 128.278 0.000651268 -0.0171446 0.999853 0.7592
0.478438 -0.877981 -0.0157153 158.991 0.87812 0.478387 0.00708641 128.908 0.00129627 -0.0171903 0.999851 0.75288
0.481086 -0.876527 -0.0160441 159.313 0.876671 0.481044 0.00659044 129.538 0.00194125 -0.017236 0.99985 0.74656
0.483728 -0.875065 -0.0163761 159.635 0.875214 0.483697 0.00609663 130.168 0.0025861 -0.0172817 0.999847 0.74024
0.486366 -0.873595 -0.0167111 159.957 0.873749 0.486345 0.0056049 130.798 0.00323094 -0.0173273 0.999845 0.733921
0.489 -0.872117 -0.0170492 160.279 0.872275 0.488988 0.00511523 131.428 0.0038758 -0.017373 0.999842 0.727601
0.491628 -0.870632 -0.0173904 160.6 0.870794 0.491627 0.0046278 132.058 0.00452048 -0.0174186 0.999838 0.721282
0.494251 -0.869139 -0.0177346 160.922 0.869304 0.49426 0.00414261 132.687 0.00516499 -0.0174642 0.999834 0.714964
0.500284 -0.865689 -0.0172896 161.239 0.865849 0.500284 0.00462128 133.262 0.00464912 -0.0172821 0.99984 0.714136
0.505455 -0.862776 -0.011522 161.565 0.862853 0.505395 0.00779032 133.823 -0.000898153 -0.0138794 0.999903 0.717696
0.510574 -0.859831 -0.0021278 161.902 0.8598 0.51053 0.0101454 134.376 -0.00763702 -0.00700946 0.999946 0.725677
0.515425 -0.856924 0.00432137 162.236 0.856885 0.515443 0.0081921 134.918 -0.00924742 -0.000519501 0.999957 0.731057
