0.480565 -0.87665 0.0232866 0.687383 0.876925 0.48061 -0.00401009 0.55236 -0.0076763 0.0223477 0.999721 0.786151
0.479675 -0.87722 0.01991 1.11372 0.877428 0.479689 -0.00441757 1.3427 -0.00567542 0.0195886 0.999792 0.792721
0.478215 -0.878058 0.0180247 1.51257 0.878237 0.478185 -0.00623742 2.08596 -0.00314231 0.0188128 0.999818 0.792138
0.476781 -0.878915 0.0137072 1.94254 0.87902 0.476756 -0.00523309 2.88869 -0.00193553 0.0145439 0.999892 0.792964
0.475853 -0.879441 0.0121598 2.34551 0.879523 0.475835 -0.00448243 3.666 -0.00184401 0.0128278 0.999916 0.794914
0.47452 -0.880144 0.0132875 2.77101 0.880239 0.474519 -0.00344063 4.45551 -0.00327692 0.0133288 0.999906 0.796403
0.473383 -0.880748 0.0137922 3.20838 0.880846 0.473396 -0.00251782 5.27561 -0.00431163 0.0133407 0.999902 0.800279
0.472427 -0.88125 0.0145674 3.63309 0.881357 0.472446 -0.002328 6.07723 -0.00483077 0.0139389 0.999891 0.80855
0.470966 -0.882035 0.0143335 4.04717 0.882143 0.470969 -0.00331574 6.86892 -0.00382603 0.0142058 0.999892 0.807738
0.469989 -0.882546 0.014933 4.48695 0.882664 0.469989 -0.00375123 7.7021 -0.00370772 0.0149439 0.999881 0.80876
0.469423 -0.882845 0.0150508 4.91961 0.882959 0.469446 -0.00215148 8.5163 -0.00516612 0.0142992 0.999884 0.814777
0.469372 -0.882878 0.014724 5.34773 0.882959 0.469446 0.00182055 9.34778 -0.00851945 0.0121462 0.99989 0.814541
0.470705 -0.882122 0.0172517 5.78264 0.882204 0.470843 0.00485361 10.1703 -0.0124043 0.0129349 0.999839 0.809178
0.471454 -0.881687 0.0189654 6.23348 0.88176 0.471646 0.00709725 11.01 -0.0152025 0.0133769 0.999795 0.806175
0.472925 -0.880833 0.0217911 6.67078 0.880953 0.473156 0.00674837 11.8376 -0.0162548 0.0160054 0.99974 0.802941
0.47432 -0.880076 0.0220797 7.11565 0.880239 0.474513 0.00419671 12.6732 -0.0141705 0.0174448 0.999747 0.796898
0.475366 -0.879567 0.0197037 7.56191 0.879732 0.475469 0.000614913 13.5247 -0.00990935 0.0170417 0.999806 0.791692
0.476584 -0.878963 0.0170767 8.01582 0.8791 0.476636 -0.0011415 14.3683 -0.00713602 0.0155561 0.999854 0.784216
0.47718 -0.878674 0.0152068 8.47907 0.878773 0.477239 0.000272298 15.2183 -0.00749652 0.0132334 0.999884 0.793136
0.476828 -0.878755 0.0206245 8.91644 0.878928 0.476953 0.00131856 16.0964 -0.0109956 0.0174987 0.999786 0.727334
0.476586 -0.878709 0.0271293 9.3658 0.879004 0.47681 0.00206767 16.9208 -0.0147524 0.0228614 0.99963 0.713105
0.475053 -0.879217 0.0360884 9.8374 0.879826 0.475291 -0.00221355 17.7623 -0.0152063 0.0328031 0.999346 0.696448
0.474266 -0.879618 0.0366542 10.3186 0.880308 0.474353 -0.0068305 18.677 -0.0113788 0.0355065 0.999305 0.710781
0.473232 -0.880226 0.0354077 10.7915 0.880904 0.473185 -0.010233 19.5818 -0.00774704 0.0360334 0.999321 0.704701
0.471955 -0.881046 0.0318723 11.2379 0.881602 0.47188 -0.0103146 20.393 -0.00595224 0.0329667 0.999439 0.692171
0.470923 -0.881712 0.028571 11.6854 0.882139 0.470948 -0.00627137 21.2468 -0.00792592 0.028157 0.999572 0.697236
0.470297 -0.881974 0.0306937 12.1513 0.882447 0.470388 -0.00462449 22.1538 -0.0103593 0.0292605 0.999518 0.676342
0.468832 -0.882858 0.0275198 12.6243 0.883199 0.468997 -0.000516695 23.091 -0.0124505 0.0245477 0.999621 0.669693
0.46756 -0.883517 0.0280331 13.1211 0.883828 0.467805 0.00251614 23.9991 -0.0153371 0.0236 0.999604 0.645696
0.467669 -0.883358 0.0310513 13.5502 0.883728 0.467987 0.00347676 24.82 -0.0176028 0.025815 0.999512 0.661145
0.467511 -0.883365 0.0331641 14.0138 0.883749 0.467927 0.00565968 25.7078 -0.0205179 0.0266627 0.999434 0.651411
0.467113 -0.883592 0.0327065 14.493 0.883979 0.467501 0.00496755 26.6411 -0.0196796 0.0265915 0.999453 0.63682
0.466778 -0.88377 0.0326865 14.9613 0.884206 0.467092 0.00226392 27.5026 -0.0172684 0.0278449 0.999463 0.620178
0.466876 -0.883851 0.0288935 15.42 0.88419 0.467123 0.00206395 28.4054 -0.0153211 0.0245838 0.99958 0.605724
0.466914 -0.883867 0.0277397 15.8759 0.884175 0.46715 0.00233289 29.2877 -0.0150206 0.0234375 0.999612 0.596696
0.465693 -0.88447 0.0290304 16.3308 0.884798 0.465965 0.00304085 30.1346 -0.0162167 0.02427 0.999574 0.604163
0.464938 -0.88488 0.0286465 16.8135 0.885188 0.465219 0.0036455 31.0221 -0.0165527 0.0236626 0.999583 0.603022
0.464614 -0.884968 0.0310613 17.2793 0.885385 0.464857 0.00069004 31.9123 -0.0150498 0.0271806 0.999517 0.590879
0.464431 -0.8852 0.0269116 17.6924 0.88554 0.464561 -0.00159661 32.7803 -0.0110888 0.0245728 0.999637 0.587768
0.464254 -0.885389 0.023557 18.1466 0.885658 0.464331 -0.0024018 33.6412 -0.00881171 0.0219785 0.99972 0.604802
0.463747 -0.885729 0.0205537 18.5865 0.885898 0.463876 0.00173152 34.485 -0.011068 0.0174055 0.999787 0.612899
0.463724 -0.885639 0.024567 19.0472 0.885872 0.463921 0.00272135 35.3333 -0.0138073 0.0205012 0.999694 0.616521
0.464009 -0.885348 0.0292113 19.4918 0.885701 0.464253 0.00177561 36.2165 -0.0151335 0.0250486 0.999572 0.611073
0.463667 -0.885506 0.0298788 19.9331 0.885889 0.463896 0.000824234 37.0852 -0.0145905 0.0260872 0.999553 0.62145
0.463384 -0.88562 0.0308552 20.3957 0.886061 0.463566 -0.00137807 37.9104 -0.013083 0.0279782 0.999523 0.629714
0.462313 -0.88618 0.0308442 20.8366 0.886621 0.462495 -0.00138513 38.7803 -0.0130378 0.0279874 0.999523 0.617875
0.462448 -0.886014 0.0334711 21.2737 0.886488 0.46275 0.00145145 39.6163 -0.0167747 0.0290005 0.999439 0.618278
0.461789 -0.88626 0.0359655 21.721 0.886737 0.462246 0.00515402 40.4681 -0.0211927 0.0295118 0.99934 0.617147
0.460514 -0.886859 0.0375299 22.1551 0.887293 0.461119 0.00894539 41.3011 -0.025239 0.0291805 0.999255 0.580492
0.459145 -0.887542 0.038155 22.5951 0.888079 0.459658 0.00545022 42.1735 -0.0223755 0.0313823 0.999257 0.568686
0.458417 -0.887986 0.0365304 23.0052 0.888598 0.458685 -0.00114326 43.0089 -0.0157408 0.0329849 0.999332 0.568987
0.457893 -0.88843 0.0320269 23.4212 0.888945 0.45799 -0.00466197 43.8043 -0.0105262 0.0306048 0.999476 0.573056
0.456899 -0.889157 0.0253631 23.8249 0.889467 0.456993 -0.0022912 44.6054 -0.00955352 0.0236065 0.999676 0.585288
0.456025 -0.889696 0.0219462 24.2332 0.889895 0.456163 0.00149277 45.4179 -0.0113392 0.0188491 0.999758 0.589282
0.455023 -0.890215 0.0216905 24.6476 0.89038 0.455201 0.00383921 46.2285 -0.0132913 0.0175659 0.999757 0.587107
0.453986 -0.890725 0.0224942 25.046 0.890904 0.454176 0.00388705 47.0177 -0.0136786 0.0182755 0.999739 0.587136
0.452496 -0.891551 0.0195712 25.4292 0.891657 0.452675 0.00568937 47.8536 -0.0139317 0.0148764 0.999792 0.590858
0.451151 -0.892203 0.0209058 25.773 0.892318 0.45136 0.00646389 48.5155 -0.0152031 0.0157384 0.999761 0.58712
0.450217 -0.892644 0.0221508 26.1516 0.89279 0.450435 0.00581515 49.2633 -0.0151683 0.0171579 0.999738 0.568758
0.449088 -0.893194 0.0228778 26.5325 0.893345 0.449326 0.00632012 50.0047 -0.0159247 0.0175994 0.999718 0.570436
0.447868 -0.893887 0.0195004 26.8868 0.893912 0.448115 0.0107046 50.7098 -0.0183071 0.0126374 0.999753 0.569959
0.446724 -0.894496 0.017729 27.2531 0.894399 0.446989 0.0158344 51.4625 -0.0220885 0.00878317 0.999717 0.554488
0.44496 -0.895276 0.0221596 27.5628 0.895228 0.445327 0.015838 52.1488 -0.0240477 0.0127906 0.999629 0.54809
0.444352 -0.895605 0.0210648 27.8986 0.89559 0.444668 0.0137398 52.818 -0.0216723 0.0127601 0.999684 0.555716
0.443469 -0.896107 0.0180832 28.1871 0.896156 0.443661 0.00830639 53.4313 -0.0154662 0.0125218 0.999802 0.556573
0.44225 -0.896747 0.0161073 28.519 0.896852 0.442328 0.00142905 54.0978 -0.00840618 0.0138138 0.999869 0.551981
0.441892 -0.897011 0.0101233 28.8374 0.897047 0.44193 0.00186211 54.758 -0.00614412 0.00825822 0.999947 0.556568
0.441442 -0.897263 0.00694213 29.1146 0.89724 0.441486 0.0071818 55.3441 -0.00950881 0.00305841 0.99995 0.553914
0.440475 -0.897684 0.0120467 29.4213 0.897676 0.44058 0.00813932 55.9543 -0.0126141 0.00722885 0.999894 0.552608
0.439105 -0.898326 0.0140366 29.7074 0.898391 0.439186 0.00314267 56.5266 -0.00898781 0.0112304 0.999897 0.575265
0.438746 -0.898402 0.0193866 29.9934 0.898602 0.438738 -0.0049337 57.109 -0.0040732 0.0195855 0.9998 0.582921
0.440261 -0.897646 0.0200668 30.2529 0.89787 0.440159 -0.00947928 57.6606 -0.000323564 0.0221908 0.999754 0.58066
0.443186 -0.896282 0.0162459 30.4881 0.896429 0.443094 -0.00912006 58.1666 0.000975704 0.0186052 0.999826 0.584603
0.44692 -0.894485 0.0125941 30.7432 0.894574 0.446889 -0.00527577 58.6701 -0.000909089 0.0136242 0.999907 0.594356
0.45092 -0.892457 0.013863 30.9976 0.892555 0.450932 -0.00239907 59.1641 -0.00411019 0.0134553 0.999901 0.598623
0.455435 -0.890083 0.0181728 31.262 0.890226 0.455519 0.000577267 59.6726 -0.0087919 0.015915 0.999835 0.609163
0.462453 -0.886256 0.0262003 31.5132 0.886552 0.462628 0.000669162 60.1123 -0.012714 0.0229185 0.999656 0.623691
0.471421 -0.881488 0.0272156 31.7511 0.881803 0.471617 0.000915101 60.5621 -0.013642 0.0235674 0.999629 0.645043
0.484581 -0.874469 0.0220464 31.9376 0.874645 0.484755 0.00300611 60.9997 -0.0133158 0.017826 0.999752 0.652297
0.50147 -0.864973 0.0187028 32.1676 0.865061 0.501638 0.00540031 61.4899 -0.0140531 0.0134709 0.99981 0.636719
0.520957 -0.853325 0.0209759 32.4259 0.853438 0.521163 0.00559958 61.8954 -0.0157101 0.0149845 0.999764 0.6354
0.54321 -0.839264 0.0236648 32.6815 0.839421 0.543457 0.00517332 62.239 -0.0172026 0.0170545 0.999707 0.638906
0.566851 -0.823391 0.0265833 32.9465 0.823565 0.567183 0.00659195 62.594 -0.0205054 0.0181564 0.999625 0.644369
0.593048 -0.804698 0.0274832 33.2344 0.804832 0.59344 0.00858464 62.9473 -0.0232177 0.0170283 0.999585 0.63363
0.620841 -0.783437 0.0279861 33.5513 0.783564 0.62125 0.00864362 63.2753 -0.0241581 0.0165626 0.999571 0.640654
0.65133 -0.758272 0.0281515 33.8832 0.758373 0.651756 0.00916668 63.6 -0.0252988 0.0153788 0.999562 0.638977
0.686999 -0.726051 0.0297073 34.1043 0.726159 0.687468 0.00898754 63.8934 -0.0269482 0.0153978 0.999518 0.626675
0.723966 -0.689255 0.0283067 34.361 0.689315 0.724404 0.00911922 64.1455 -0.0267909 0.0129102 0.999558 0.617737
0.760772 -0.648492 0.0261488 34.6461 0.648519 0.76115 0.00858304 64.3963 -0.0254692 0.0104283 0.999621 0.61261
0.797032 -0.603408 0.0252841 34.9613 0.603414 0.797386 0.00825123 64.6165 -0.0251401 0.0086803 0.999646 0.60445
0.832571 -0.553402 0.0239272 35.3128 0.553382 0.832889 0.00805607 64.8005 -0.024387 0.00653364 0.999681 0.601593
0.866395 -0.498845 0.0226449 35.6507 0.498828 0.866674 0.00681545 64.9446 -0.0230256 0.00539102 0.99972 0.568551
0.897384 -0.440628 0.0234222 35.9559 0.44064 0.89767 0.00490139 65.1325 -0.0231851 0.00592232 0.999714 0.568016
0.924699 -0.379963 0.0236698 36.3015 0.37997 0.924989 0.00438486 65.2756 -0.0235604 0.00493914 0.99971 0.575467
0.947004 -0.320158 0.0261195 36.688 0.320134 0.947358 0.00518134 65.3992 -0.0264034 0.003455 0.999645 0.590868
0.965406 -0.259317 0.027314 37.047 0.259215 0.965792 0.00726271 65.4547 -0.028263 6.87484e-05 0.9996 0.575667
0.979784 -0.198103 0.0278991 37.4238 0.19797 0.980179 0.00748136 65.4891 -0.0288282 -0.00180692 0.999583 0.55354
0.990017 -0.138203 0.0276861 37.7881 0.138134 0.990404 0.00441014 65.5475 -0.0280299 -0.000541727 0.999607 0.537876
0.996453 -0.0792845 0.0282197 38.1633 0.0793095 0.99685 0.0002349 65.5281 -0.0281494 0.00200402 0.999602 0.541576
0.999356 -0.0224721 0.0279643 38.5348 0.0224238 0.999747 0.00204235 65.5358 -0.0280032 -0.00141397 0.999607 0.54722
0.999112 0.0322214 0.0271436 38.9437 -0.032378 0.999461 0.0053485 65.5081 -0.0269567 -0.00622261 0.999617 0.554483
0.99607 0.0844719 0.0266357 39.3127 -0.0846785 0.996386 0.00672684 65.4907 -0.0259712 -0.00895588 0.999623 0.530204
0.990713 0.133805 0.0241658 39.6514 -0.133863 0.991 0.000770971 65.4493 -0.0238451 -0.00399872 0.999708 0.47971
0.983669 0.178382 0.0239906 40.0626 -0.178104 0.983922 -0.0132734 65.3959 -0.0259726 0.00878377 0.999624 0.494079
0.976091 0.215833 0.0257505 40.4604 -0.215428 0.976361 -0.017613 65.3027 -0.0289432 0.0116445 0.999513 0.500406
0.967822 0.250256 0.026316 40.8462 -0.24992 0.968144 -0.01542 65.1787 -0.0293366 0.00834697 0.999535 0.53095
0.959437 0.280844 0.0246505 41.1971 -0.280803 0.959752 -0.00516459 65.0941 -0.0251088 -0.00196683 0.999683 0.53842
0.950714 0.309202 0.0231681 41.592 -0.309338 0.950949 0.00240586 65.0104 -0.0212878 -0.00945404 0.999729 0.505992
0.942422 0.333853 0.0195645 41.9718 -0.333963 0.942583 0.00257481 64.8634 -0.0175815 -0.00896037 0.999805 0.499579
0.934153 0.356565 0.0147882 42.3753 -0.35656 0.934267 -0.00308131 64.7161 -0.0149149 -0.00239449 0.999886 0.479134
0.926451 0.376335 0.00774115 42.7503 -0.376277 0.926472 -0.00800113 64.5102 -0.0101831 0.00449984 0.999938 0.464271
0.918837 0.394636 0.00120733 43.1583 -0.394622 0.918823 -0.00617482 64.3331 -0.00354613 0.00519721 0.99998 0.461244
0.911398 0.411524 0.00131417 43.5682 -0.411522 0.911398 -0.0015745 64.1611 -0.00184568 0.000894186 0.999998 0.463113
0.905118 0.425121 0.00570834 44.0002 -0.425131 0.905132 0.000528955 63.9773 -0.00494193 -0.00290556 0.999984 0.473139
0.898844 0.438155 0.00998233 44.4395 -0.438172 0.898891 -0.000560343 63.7669 -0.00921855 -0.00387031 0.99995 0.473271
0.892277 0.451329 0.0119875 44.8665 -0.451323 0.892354 -0.00343032 63.5268 -0.0122453 -0.00234944 0.999922 0.459628
0.887042 0.461583 0.00986994 45.3104 -0.461506 0.88709 -0.00914288 63.3377 -0.0129757 0.00355509 0.99991 0.452599
0.881615 0.471928 0.00628852 45.8011 -0.471832 0.881601 -0.0124422 63.0658 -0.0114158 0.00800213 0.999903 0.443809
0.87814 0.478357 0.00672617 46.253 -0.478289 0.87815 -0.00956809 62.8328 -0.0104835 0.00518507 0.999932 0.450168
0.875417 0.483309 0.00760411 46.7471 -0.483242 0.875439 -0.00916883 62.5716 -0.0110883 0.00435193 0.999929 0.453263
0.872768 0.48809 0.00667565 47.2237 -0.48802 0.872777 -0.00982594 62.2952 -0.0106223 0.00531791 0.999929 0.448091
0.869664 0.493608 0.0060309 47.7117 -0.493537 0.869664 -0.0102867 61.9948 -0.0103225 0.00596951 0.999929 0.438707
0.867367 0.497652 0.00421705 48.2362 -0.497579 0.867339 -0.0117464 61.7023 -0.00950324 0.00809014 0.999922 0.430815
0.865587 0.50075 0.00297169 48.7785 -0.500675 0.865535 -0.0131837 61.3958 -0.00917383 0.00992376 0.999909 0.437107
0.864247 0.503058 0.00329964 49.3457 -0.502981 0.8642 -0.0130182 61.0841 -0.00940043 0.00959124 0.99991 0.438197
0.863387 0.504519 0.00477654 49.9077 -0.50444 0.863365 -0.0118769 60.7373 -0.010116 0.00784484 0.999918 0.439897
0.862919 0.505329 0.00362248 50.4861 -0.505242 0.862868 -0.0137407 60.3873 -0.0100693 0.0100269 0.999899 0.432583
0.863506 0.504334 0.00231863 51.092 -0.504234 0.86341 -0.0165024 60.0403 -0.0103247 0.0130808 0.999861 0.415824
0.865127 0.501552 0.000189726 51.7239 -0.501464 0.864982 -0.0184171 59.6404 -0.00940124 0.015838 0.99983 0.412403
0.866378 0.499388 -0.000209015 52.3603 -0.499293 0.866205 -0.0199159 59.267 -0.0097647 0.017359 0.999802 0.398876
0.868816 0.495135 0.000126651 52.973 -0.495044 0.868661 -0.0189328 58.9205 -0.00948432 0.0163864 0.999821 0.406013
0.870754 0.491714 0.00194573 53.6349 -0.491608 0.870637 -0.0176837 58.5248 -0.0103894 0.0144416 0.999842 0.379075
0.872621 0.488391 0.00277868 54.2923 -0.488263 0.872498 -0.0186112 58.1814 -0.0115139 0.0148838 0.999823 0.366306
0.874878 0.484326 0.00416584 55.0211 -0.484165 0.874755 -0.0197063 57.8025 -0.0131884 0.0152237 0.999797 0.397584
0.876815 0.480768 0.00765452 55.7412 -0.480627 0.876797 -0.0149659 57.4309 -0.0139066 0.00944331 0.999859 0.352604
0.878867 0.476941 0.0109805 56.4244 -0.476837 0.878925 -0.0108488 57.0715 -0.0148253 0.00429876 0.999881 0.353677
0.880348 0.47429 0.00599802 57.1463 -0.474185 0.880323 -0.01341 56.6833 -0.0116404 0.00896127 0.999892 0.366069
0.881211 0.472714 0.00299952 57.8393 -0.472683 0.8812 -0.00764988 56.333 -0.00625938 0.00532334 0.999966 0.383023
0.881311 0.47253 0.0024225 58.5973 -0.472521 0.881313 -0.00340553 55.9777 -0.00374419 0.00185665 0.999991 0.382543
0.880868 0.47334 0.004532 59.3531 -0.473343 0.880878 -0.000403011 55.5679 -0.0041829 -0.00179019 0.99999 0.374057
0.880867 0.473335 0.00521816 60.0915 -0.473335 0.880882 -0.00129897 55.1776 -0.00521143 -0.00132571 0.999986 0.388011
0.88081 0.473424 0.00665006 60.8131 -0.473422 0.880834 -0.00193468 54.7818 -0.00677352 -0.0014442 0.999976 0.376988
0.881157 0.472736 0.00908624 61.5273 -0.47277 0.881184 0.00191804 54.4041 -0.00709992 -0.0059858 0.999957 0.377069
0.881418 0.472221 0.0104689 62.2558 -0.472277 0.881443 0.00353164 54.0251 -0.00756004 -0.00805708 0.999939 0.380936
0.881215 0.472608 0.010071 62.9922 -0.472665 0.881232 0.00425474 53.6645 -0.00686408 -0.00850956 0.99994 0.393195
0.880957 0.473107 0.00915053 63.707 -0.473164 0.880957 0.00555814 53.2877 -0.00543162 -0.00922619 0.999943 0.406815
0.879896 0.475085 0.00879005 64.4314 -0.475141 0.879889 0.0060271 52.9198 -0.00487089 -0.00947974 0.999943 0.406574
0.878166 0.478262 0.00944782 65.1455 -0.478322 0.878167 0.0055145 52.524 -0.00565939 -0.00936175 0.99994 0.391715
0.876154 0.481861 0.0128277 65.8599 -0.481969 0.876158 0.00725242 52.1345 -0.00774441 -0.0125368 0.999891 0.411847
0.872954 0.487535 0.0161165 66.5749 -0.487688 0.872987 0.00728068 51.7747 -0.01052 -0.0142156 0.999844 0.437115
0.868453 0.495542 0.0150641 67.286 -0.49566 0.868501 0.00523878 51.3499 -0.0104871 -0.0120163 0.999873 0.456318
0.864641 0.502165 0.0150617 67.9792 -0.502302 0.864663 0.00714158 50.9506 -0.00943702 -0.0137404 0.999861 0.439892
0.859588 0.510808 0.0135448 68.6638 -0.510924 0.859598 0.00696676 50.5318 -0.00808438 -0.0129089 0.999884 0.447575
0.854098 0.519924 0.013962 69.3586 -0.52004 0.854118 0.0063338 50.1249 -0.00863208 -0.0126705 0.999882 0.454877
0.848376 0.529132 0.0166467 70.0674 -0.529302 0.848396 0.00800195 49.7133 -0.00988892 -0.0155998 0.999829 0.455164
0.842472 0.538439 0.0179986 70.7335 -0.538617 0.842523 0.00677462 49.2867 -0.0115165 -0.0154018 0.999815 0.454421
0.836443 0.547831 0.0156307 71.4223 -0.547959 0.836488 0.00526496 48.8202 -0.0101906 -0.0129688 0.999864 0.47087
0.830897 0.556187 0.0163111 72.0525 -0.556338 0.83093 0.0065648 48.3935 -0.00990211 -0.0145291 0.999845 0.464311
0.824708 0.565254 0.0185919 72.7023 -0.565492 0.82467 0.011734 47.9433 -0.00869951 -0.0201907 0.999758 0.439716
0.818331 0.574408 0.0197516 73.3075 -0.57469 0.81825 0.0140667 47.4913 -0.00808171 -0.0228623 0.999706 0.418432
0.813255 0.581691 0.0158946 73.9547 -0.581867 0.813217 0.0103889 47.0625 -0.00688263 -0.0176974 0.99982 0.438982
0.807656 0.589459 0.0151535 74.5723 -0.589617 0.807625 0.00967654 46.6357 -0.00653439 -0.0167501 0.999838 0.483887
0.802195 0.596886 0.0145344 75.184 -0.597025 0.802179 0.00835717 46.1914 -0.00667088 -0.0153815 0.999859 0.489996
0.796504 0.604466 0.0141772 75.7618 -0.604592 0.796504 0.00709734 45.708 -0.00700212 -0.0142245 0.999874 0.476336
0.79213 0.610183 0.0143482 76.3659 -0.610301 0.792149 0.00568105 45.2535 -0.00789941 -0.0132568 0.999881 0.472871
0.78869 0.614583 0.0159685 76.9393 -0.614722 0.788724 0.00554789 44.81 -0.00918511 -0.0141918 0.999857 0.48208
0.787335 0.61638 0.0134356 77.5072 -0.616431 0.787408 -0.000354584 44.3483 -0.0107979 -0.00800294 0.99991 0.487854
0.785348 0.618825 0.0168908 78.0399 -0.618928 0.785447 0.00113544 43.915 -0.0125642 -0.0113459 0.999857 0.487639
0.784069 0.62047 0.0158891 78.5942 -0.620535 0.784178 -0.0010664 43.506 -0.0131216 -0.00902362 0.999873 0.497154
0.784044 0.620495 0.0161385 79.0947 -0.620572 0.78415 -0.000366648 43.1089 -0.0128825 -0.00972762 0.99987 0.477722
0.78436 0.620209 0.0109603 79.6005 -0.620194 0.784432 -0.00507426 42.6936 -0.0117447 -0.00281745 0.999927 0.472399
0.785905 0.618296 0.00792521 80.1555 -0.618277 0.785945 -0.00491388 42.2862 -0.00926701 -0.00103814 0.999956 0.470405
0.789351 0.613875 0.0090782 80.6597 -0.613874 0.789397 -0.0032248 41.9183 -0.00914593 -0.00302737 0.999954 0.471089
0.794217 0.607559 0.00954853 81.1236 -0.607589 0.794251 0.000263256 41.5402 -0.00742399 -0.00601066 0.999954 0.445824
0.800244 0.599626 0.00766452 81.6141 -0.599624 0.800277 -0.00275994 41.1743 -0.00778867 -0.00238721 0.999967 0.464738
0.808631 0.588293 0.00529221 82.0622 -0.588287 0.808647 -0.00287369 40.895 -0.0059701 -0.000789586 0.999982 0.474594
0.819113 0.573611 0.0048315 82.5129 -0.573614 0.819125 -0.000879774 40.5596 -0.00446225 -0.00205079 0.999988 0.462205
0.830866 0.55647 0.00151315 82.9667 -0.556467 0.830868 -0.0017322 40.2709 -0.00222115 0.000597202 0.999997 0.478548
0.843737 0.536754 -0.00164667 83.3952 -0.536756 0.843735 -0.00181318 40.0284 0.00041612 0.0024137 0.999997 0.476747
0.857395 0.514659 -0.0007341 83.8777 -0.514657 0.857394 0.0018076 39.8129 0.00155971 -0.00117202 0.999998 0.505113
0.872319 0.488935 -0.00156864 84.3574 -0.488935 0.87232 0.000519426 39.6042 0.00162232 0.000313859 0.999999 0.491201
0.890357 0.455263 -5.54589e-05 84.8629 -0.455263 0.890357 0.000528182 39.3708 0.00028984 -0.000445022 1 0.482201
0.90913 0.416506 0.00243679 85.3443 -0.416507 0.909133 -0.000508633 39.1897 -0.00242721 -0.000552525 0.999997 0.463151
0.926786 0.375557 0.00487259 85.8054 -0.375556 0.926799 -0.0012236 39.0205 -0.00497544 -0.00069591 0.999987 0.478459
0.943173 0.332175 0.00919378 86.2798 -0.332193 0.943211 0.000539033 38.9576 -0.00849262 -0.00356251 0.999958 0.484009
0.959353 0.281976 0.011484 86.8112 -0.281989 0.959417 -0.000462589 38.8397 -0.0111484 -0.00279459 0.999934 0.489436
0.973401 0.228755 0.0127104 87.3479 -0.228796 0.973473 0.00181758 38.8101 -0.0119575 -0.00467733 0.999918 0.473848
0.985323 0.170376 0.0105562 87.824 -0.170376 0.985379 -0.00087575 38.7759 -0.010551 -0.000935622 0.999944 0.465689
0.994148 0.107781 0.00722301 88.2919 -0.107767 0.994174 -0.00222506 38.7687 -0.00742075 0.00143363 0.999971 0.482345
0.99918 0.0403897 0.00272284 88.7516 -0.0403709 0.999163 -0.00665199 38.779 -0.00298923 0.00653662 0.999974 0.484749
0.999631 -0.0271316 -0.00131507 89.1955 0.0271235 0.999615 -0.00577569 38.835 0.00147127 0.00573788 0.999982 0.496038
0.995346 -0.0962634 -0.00444066 89.6428 0.0962482 0.995351 -0.00352715 38.9215 0.00475955 0.00308333 0.999984 0.500954
0.985744 -0.16816 -0.00562673 90.1243 0.168151 0.985759 -0.002017 39.0577 0.00588578 0.00104211 0.999982 0.503153
0.971682 -0.236247 -0.00453042 90.5869 0.236234 0.971691 -0.00315988 39.2044 0.00514868 0.00200016 0.999985 0.493349
0.953198 -0.302343 -0.00159567 91.0378 0.302339 0.953198 -0.00234635 39.3655 0.00223039 0.0017541 0.999996 0.492261
0.931189 -0.364536 0.00105496 91.4291 0.364537 0.931186 -0.00226301 39.532 -0.000157415 0.00249186 0.999997 0.505001
0.904992 -0.42538 0.00642409 91.8053 0.425398 0.905004 -0.00178386 39.7376 -0.00505501 0.00434718 0.999978 0.505855
0.876215 -0.481807 0.0104758 92.235 0.481843 0.876257 -0.00105049 40.0173 -0.00867338 0.00596816 0.999945 0.505967
0.846686 -0.531851 0.0160009 92.5844 0.531843 0.846827 0.00512975 40.2674 -0.0162783 0.00416667 0.999859 0.52741
0.817646 -0.575444 0.0178868 92.9309 0.575342 0.81784 0.010939 40.5395 -0.0209233 0.00134681 0.99978 0.533035
0.791072 -0.611499 0.0165716 93.2994 0.611283 0.79124 0.016531 40.8241 -0.0232208 -0.00294724 0.999726 0.540703
0.768312 -0.639971 0.0115079 93.6008 0.639766 0.768376 0.0172678 41.1169 -0.0198933 -0.00590468 0.999785 0.526572
0.746551 -0.665273 0.00862269 93.9307 0.665095 0.746569 0.016827 41.4341 -0.017632 -0.00682732 0.999821 0.48583
0.729616 -0.68378 0.0102651 94.2816 0.68362 0.729676 0.0153889 41.7272 -0.0180128 -0.00421057 0.999829 0.46418
0.718242 -0.695676 0.0127602 94.6331 0.695549 0.718355 0.0133 42.0771 -0.0184189 -0.000677308 0.99983 0.479655
0.708823 -0.705279 0.0123273 94.9569 0.705117 0.708927 0.0152388 42.4331 -0.0194868 -0.00210946 0.999808 0.501655
0.701651 -0.712473 0.00828296 95.3022 0.712285 0.70167 0.0176182 42.7992 -0.0183644 -0.00646203 0.99981 0.504488
0.697959 -0.716133 0.00274029 95.6676 0.71597 0.697873 0.0189694 43.1668 -0.015497 -0.0112779 0.999816 0.51077
0.696127 -0.717909 -0.00366964 96.024 0.717838 0.695964 0.0184933 43.5955 -0.0107226 -0.0155079 0.999822 0.509874
0.695462 -0.718503 -0.00927116 96.3797 0.718528 0.695241 0.0189117 43.9368 -0.00714244 -0.019814 0.999778 0.506671
0.698364 -0.715673 -0.0100159 96.7793 0.715731 0.698202 0.0155944 44.3781 -0.00416734 -0.0180593 0.999828 0.490622
0.701318 -0.712761 -0.0111438 97.1798 0.712848 0.701234 0.0108917 44.7522 5.12889e-05 -0.0155824 0.999879 0.482679
0.70469 -0.709377 -0.0140249 97.5661 0.709512 0.704608 0.010933 45.1632 0.00212647 -0.0176552 0.999842 0.470912
0.707772 -0.706205 -0.018273 98.0243 0.706438 0.707606 0.015456 45.6376 0.00201496 -0.0238481 0.999714 0.463093
0.711381 -0.70258 -0.0178422 98.4287 0.702806 0.711149 0.0181909 46.0324 -9.2105e-05 -0.0254803 0.999675 0.476986
0.714973 -0.699018 -0.0136914 98.8911 0.69915 0.714779 0.0167581 46.4956 -0.00192794 -0.0215539 0.999766 0.484246
0.717679 -0.696326 -0.00815731 99.3222 0.696349 0.717504 0.0169253 46.9201 -0.00593263 -0.0178273 0.999824 0.511953
0.719945 -0.694017 -0.0043868 99.7913 0.693946 0.719743 0.0202317 47.3759 -0.0108838 -0.0176099 0.999786 0.505922
0.722575 -0.691287 0.00272735 100.256 0.691155 0.722504 0.0171082 47.8084 -0.0137972 -0.0104769 0.99985 0.489367
0.722681 -0.691162 0.00524748 100.743 0.691063 0.722677 0.0130294 48.2569 -0.0127977 -0.00578977 0.999901 0.475729
0.723112 -0.69073 0.00132433 101.229 0.69071 0.723103 0.00649128 48.7283 -0.00544135 -0.0037792 0.999978 0.504948
0.722441 -0.691416 -0.00474921 101.748 0.691432 0.722433 0.00356757 49.2071 0.000964306 -0.00586112 0.999982 0.491421
0.720062 -0.693803 -0.0121497 102.231 0.693899 0.720036 0.00714878 49.6992 0.00378835 -0.0135782 0.999901 0.470923
0.717878 -0.696066 -0.0120078 102.761 0.696169 0.71779 0.0112298 50.2038 0.000802401 -0.0164211 0.999865 0.473337
0.716426 -0.697619 -0.00785358 103.278 0.697645 0.716282 0.0152193 50.7104 -0.00499186 -0.0163825 0.999853 0.489183
0.714484 -0.699648 -0.00220242 103.809 0.69957 0.714349 0.017543 51.2415 -0.0107006 -0.0140749 0.999844 0.483309
0.713612 -0.700539 -0.00175079 104.312 0.700468 0.7135 0.0162081 51.796 -0.0101052 -0.0127927 0.999867 0.502173
0.711717 -0.702434 -0.00670944 104.854 0.702445 0.711591 0.0144818 52.3292 -0.00539814 -0.01502 0.999873 0.501036
0.709719 -0.704443 -0.00764258 105.397 0.704484 0.70966 0.00929187 52.8716 -0.00112196 -0.0119787 0.999928 0.488439
0.706349 -0.7078 -0.00949908 105.939 0.707864 0.706277 0.0100465 53.4181 -0.000401923 -0.0138204 0.999904 0.489632
0.703315 -0.710817 -0.00932099 106.492 0.710878 0.703259 0.00888527 53.9664 0.000239267 -0.0128752 0.999917 0.481457
0.701031 -0.713089 -0.00774796 107.071 0.71313 0.700966 0.0096168 54.5687 -0.00142658 -0.012267 0.999924 0.473286
0.69953 -0.714589 -0.00453581 107.612 0.714598 0.699484 0.00850316 55.1576 -0.00290354 -0.00918949 0.999953 0.488585
0.698879 -0.715239 -0.0011622 108.214 0.715227 0.698855 0.00713929 55.7466 -0.00429409 -0.00582074 0.999974 0.495952
0.698515 -0.715596 0.000371846 108.763 0.715577 0.6985 0.00693593 56.308 -0.00522305 -0.00457877 0.999976 0.486444
0.698594 -0.715519 -0.0004445 109.339 0.715486 0.698556 0.00994848 56.9257 -0.00680781 -0.00726798 0.99995 0.479437
0.698291 -0.715814 0.000394193 109.936 0.715788 0.69827 0.00820714 57.5407 -0.00615004 -0.00544881 0.999966 0.493769
0.699044 -0.715065 -0.00444753 110.476 0.71507 0.69899 0.00934259 58.1516 -0.00357178 -0.00971118 0.999946 0.474634
0.700561 -0.713531 -0.00937034 111.088 0.713589 0.70046 0.0120881 58.7345 -0.00206168 -0.015155 0.999883 0.502597
0.701598 -0.712423 -0.0146001 111.685 0.712564 0.701341 0.0193431 59.3555 -0.0035408 -0.0239746 0.999706 0.501328
0.704275 -0.709774 -0.0147158 112.275 0.70991 0.703964 0.0215151 59.9641 -0.0049115 -0.0255994 0.99966 0.469029
0.705261 -0.708761 -0.0162462 112.878 0.70894 0.704959 0.0209157 60.5765 -0.00337129 -0.0262686 0.999649 0.492385
0.706919 -0.707111 -0.0161268 113.485 0.707291 0.706656 0.0194111 61.1695 -0.00232967 -0.0251284 0.999681 0.48878
0.708402 -0.705663 -0.0143565 114.102 0.705807 0.708197 0.0171434 61.7754 -0.00193024 -0.0222773 0.99975 0.474283
0.708661 -0.705464 -0.0109555 114.732 0.705548 0.708554 0.0123477 62.3811 -0.000948317 -0.01648 0.999864 0.494613
0.70887 -0.705254 -0.0110003 115.335 0.705338 0.708751 0.0130507 62.9818 -0.00140759 -0.0170102 0.999854 0.504587
0.71005 -0.704061 -0.0112487 115.955 0.704139 0.709855 0.0171532 63.5935 -0.0040919 -0.0201003 0.99979 0.509565
0.711047 -0.703081 -0.0094874 116.562 0.703079 0.710731 0.0232628 64.2151 -0.00961267 -0.0232114 0.999684 0.503922
0.712744 -0.701364 -0.00915267 117.16 0.701303 0.712319 0.0278434 64.8428 -0.0130087 -0.026264 0.99957 0.495296
0.712974 -0.701051 -0.0139784 117.757 0.701151 0.712581 0.0248191 65.4264 -0.00743868 -0.0274963 0.999594 0.472623
0.713653 -0.700275 -0.017733 118.345 0.700483 0.713582 0.0111767 66.0016 0.00482724 -0.0203979 0.99978 0.480479
0.713397 -0.700501 -0.0190587 118.937 0.700659 0.713492 0.00239631 66.6018 0.0119196 -0.0150632 0.999816 0.526473
0.712288 -0.701691 -0.0166045 119.552 0.701846 0.712304 0.00595683 67.188 0.0076476 -0.0158968 0.999844 0.519738
0.711854 -0.702281 -0.00812417 120.17 0.702309 0.711702 0.0156037 67.7978 -0.00517622 -0.0168133 0.999845 0.468855
0.710662 -0.703454 0.0105512 120.791 0.703028 0.71064 0.0272577 68.4316 -0.0266726 -0.0119533 0.999573 0.484991
0.709324 -0.70484 0.00773866 121.344 0.704546 0.709282 0.023114 68.9608 -0.0217806 -0.0109431 0.999703 0.440453
0.708593 -0.705599 -0.00508387 121.923 0.705595 0.708496 0.0130106 69.5859 -0.00557836 -0.0128064 0.999902 0.488596
0.707615 -0.706462 -0.0138654 122.509 0.706597 0.707517 0.0118665 70.1651 0.0014268 -0.0181942 0.999833 0.472797
0.706438 -0.707603 -0.0156071 123.086 0.70777 0.70634 0.0120433 70.7416 0.00250205 -0.0195541 0.999806 0.46371
0.704726 -0.709447 -0.00681482 123.67 0.70948 0.704686 0.00747314 71.3526 -0.000499491 -0.0101015 0.999949 0.484985
0.70266 -0.711493 -0.00685671 124.231 0.711526 0.702629 0.00662846 71.9524 0.000101625 -0.00953628 0.999955 0.502454
0.699281 -0.714823 -0.00585949 124.787 0.714845 0.699273 0.00375231 72.5424 0.00141515 -0.00681255 0.999976 0.508599
0.69612 -0.717869 -0.00897482 125.365 0.717922 0.696101 0.00563539 73.1285 0.0022019 -0.0103661 0.999944 0.522898
0.694368 -0.719467 -0.0148168 125.889 0.719617 0.69427 0.0118084 73.6948 0.00179114 -0.0188618 0.99982 0.528166
0.69364 -0.720186 -0.0139825 126.462 0.720321 0.693528 0.0124894 74.286 0.000702579 -0.018735 0.999824 0.539851
0.692359 -0.721455 -0.0119272 127.044 0.721549 0.692202 0.0149726 74.9012 -0.00254603 -0.0189725 0.999817 0.53487
0.691042 -0.72274 -0.010386 127.561 0.722807 0.690897 0.0145719 75.458 -0.0033561 -0.0175769 0.99984 0.545028
0.689142 -0.72455 -0.010519 128.174 0.724626 0.689051 0.0111921 76.0971 -0.000861118 -0.0153353 0.999882 0.546423
0.686245 -0.727285 -0.0110954 128.7 0.727365 0.686216 0.00687447 76.6791 0.00261417 -0.012788 0.999915 0.54584
0.681525 -0.731735 -0.00935937 129.254 0.731782 0.681533 0.00289251 77.2732 0.00426216 -0.00882034 0.999952 0.543178
0.67671 -0.736222 -0.00645504 129.801 0.736248 0.6767 0.00391159 77.8886 0.00148833 -0.00739952 0.999972 0.531761
0.672469 -0.740124 0.00149521 130.322 0.740088 0.672454 0.00871065 78.4423 -0.00745242 -0.00475106 0.999961 0.58678
0.668902 -0.743318 0.00690279 130.902 0.743123 0.668898 0.0185159 79.0939 -0.0183805 -0.0072557 0.999805 0.570132
0.665514 -0.746367 0.00517882 131.398 0.746088 0.665429 0.0235992 79.693 -0.0210598 -0.0118417 0.999708 0.59097
0.661757 -0.749715 0.00222865 131.871 0.749524 0.66165 0.0207956 80.2461 -0.0170654 -0.0120912 0.999781 0.576792
0.657699 -0.753271 0.00393684 132.468 0.753247 0.65771 0.00610263 80.897 -0.00718623 -0.00104828 0.999974 0.631399
0.652222 -0.758023 -0.00284228 132.94 0.758028 0.652215 0.00302161 81.5101 -0.00043667 -0.00412529 0.999991 0.576374
0.646984 -0.762503 0.000630643 133.481 0.762502 0.646984 0.00146206 82.1394 -0.00152284 -0.000465066 0.999999 0.580602
0.641593 -0.767039 -0.00308226 134 0.767037 0.641562 0.00723333 82.7705 -0.00357079 -0.00700506 0.999969 0.585384
0.634634 -0.772784 -0.006667 134.512 0.772812 0.634597 0.00695413 83.4029 -0.00114318 -0.00956567 0.999954 0.571777
0.627431 -0.778601 -0.0105192 135 0.77867 0.627402 0.0062213 84.0238 0.00175587 -0.0120944 0.999925 0.577945
0.620526 -0.784086 -0.0125461 135.501 0.784172 0.620532 0.00382956 84.6455 0.00478257 -0.0122147 0.999914 0.588713
0.614538 -0.788783 -0.0127733 136.039 0.78888 0.614519 0.0058254 85.3389 0.00325447 -0.0136565 0.999901 0.599594
0.608049 -0.793779 -0.0138275 136.523 0.793898 0.607925 0.0123385 85.9629 -0.00138794 -0.01848 0.999828 0.594443
0.601784 -0.798571 -0.0118643 137.037 0.798631 0.601572 0.0173435 86.6373 -0.00671278 -0.0199122 0.999779 0.607631
0.594806 -0.803822 -0.00871591 137.522 0.803797 0.594573 0.0198412 87.3289 -0.0107665 -0.0188075 0.999765 0.600675
0.590239 -0.807181 -0.00874833 138.014 0.807108 0.589929 0.023656 87.9874 -0.0139338 -0.0210236 0.999682 0.60287
0.586264 -0.810056 -0.0102195 138.523 0.810021 0.585947 0.023067 88.6733 -0.0126974 -0.0218014 0.999682 0.605104
0.58274 -0.812519 -0.0150664 138.998 0.812627 0.582456 0.0195356 89.3961 -0.00709748 -0.0236276 0.999696 0.605372
0.579389 -0.814697 -0.0240197 139.442 0.815051 0.579127 0.0173988 90.056 -0.000264294 -0.029658 0.99956 0.605871
0.577376 -0.816018 -0.0274184 139.916 0.816472 0.577184 0.0152693 90.7471 0.00336545 -0.0312025 0.999507 0.585013
0.574611 -0.817951 -0.0278805 140.347 0.818426 0.574226 0.0210783 91.4117 -0.00123128 -0.03493 0.999389 0.591336
0.573136 -0.819051 -0.0258955 140.866 0.819392 0.572395 0.030989 92.1368 -0.0105591 -0.0389794 0.999184 0.597764
0.570503 -0.821008 -0.0217296 141.337 0.82109 0.569569 0.0374448 92.8034 -0.018366 -0.0392043 0.999062 0.592418
0.56592 -0.824284 -0.0170706 141.792 0.824282 0.565246 0.0325009 93.4609 -0.0171409 -0.0324639 0.999326 0.596215
0.561823 -0.827161 -0.0126403 142.234 0.827215 0.561575 0.0186712 94.1114 -0.00834565 -0.0209462 0.999746 0.607158
0.557015 -0.830424 -0.0114099 142.661 0.830499 0.556922 0.0104668 94.7816 -0.00233747 -0.0153061 0.99988 0.592272
0.551503 -0.834094 -0.0114535 143.124 0.83417 0.551412 0.0102615 95.4979 -0.00224349 -0.0152135 0.999882 0.5996
0.545149 -0.838268 -0.0108911 143.566 0.838294 0.54494 0.0173985 96.1699 -0.0086496 -0.0186148 0.999789 0.586326
0.538045 -0.842898 -0.00560081 144.011 0.842833 0.537887 0.0176055 96.9003 -0.011827 -0.0141931 0.999829 0.590382
0.532266 -0.846576 -0.00115887 144.444 0.846435 0.532152 0.0190181 97.6094 -0.0154836 -0.0111036 0.999819 0.57382
0.528136 -0.849124 0.00773556 144.872 0.848997 0.528192 0.0147644 98.2834 -0.0166227 -0.00123017 0.999861 0.575334
0.522557 -0.852557 0.00895193 145.363 0.852532 0.522621 0.00750949 99.0096 -0.0110807 0.00370767 0.999932 0.620907
0.517221 -0.855804 0.00902775 145.816 0.855851 0.517208 -0.00389687 99.7062 -0.00133426 0.00974195 0.999952 0.60903
0.510374 -0.85993 0.00623729 146.222 0.859947 0.51033 -0.00740924 100.429 0.00318835 0.00914522 0.999953 0.597632
0.50507 -0.863077 0.00159265 146.656 0.863077 0.505072 0.000751559 101.153 -0.00145306 0.000994993 0.999998 0.61177
0.500525 -0.86571 0.00452526 147.078 0.865649 0.500544 0.0103696 101.915 -0.0112422 -0.00127298 0.999936 0.603539
0.496193 -0.868129 0.0120007 147.478 0.867989 0.496331 0.0158224 102.646 -0.0196922 0.00256546 0.999803 0.615347
0.493632 -0.869502 0.0171321 147.861 0.869447 0.493856 0.0129328 103.351 -0.0197059 0.00851138 0.99977 0.594058
0.491376 -0.870858 0.0124641 148.298 0.870876 0.491468 0.0057632 104.127 -0.0111446 0.00802281 0.999906 0.632194
0.489056 -0.87225 0.002217 148.689 0.872251 0.489058 0.000648072 104.905 -0.00164952 0.00161684 0.999997 0.613557
0.488137 -0.872738 -0.00713307 149.07 0.872767 0.488127 0.00315387 105.571 0.000729347 -0.00776503 0.99997 0.599591
0.486267 -0.873807 -0.00217882 149.521 0.873805 0.486255 0.00452722 106.349 -0.00289646 -0.0041053 0.999987 0.5984
0.485243 -0.874376 0.00228682 149.961 0.874343 0.485245 0.00781184 107.126 -0.00794015 -0.00179118 0.999967 0.61156
0.48509 -0.87446 0.00293556 150.311 0.874339 0.485074 0.0152814 107.824 -0.0147869 -0.00484618 0.999879 0.586947
0.483607 -0.875235 0.00935651 150.749 0.875166 0.48369 0.0113143 108.644 -0.0144283 0.00271683 0.999892 0.602477
0.481903 -0.8762 0.00662766 151.146 0.876192 0.481936 0.00494745 109.405 -0.00752906 0.00342292 0.999966 0.605666
0.480247 -0.877094 0.00827975 151.533 0.877129 0.480193 -0.00777353 110.031 0.00284224 0.0109956 0.999936 0.592285
0.478494 -0.878038 0.0096287 151.939 0.878067 0.478372 -0.0125945 110.746 0.00645233 0.014481 0.999874 0.589249
0.476637 -0.879098 0.00193755 152.331 0.879097 0.476627 -0.00400266 111.525 0.00259524 0.0036111 0.99999 0.587779
0.475553 -0.879673 0.00487024 152.713 0.879676 0.475568 0.00245678 112.282 -0.0044773 0.0031159 0.999985 0.607402
0.47518 -0.879789 0.0132551 153.169 0.879838 0.47526 0.00358088 113.136 -0.00945005 0.0099608 0.999906 0.623714
0.474053 -0.880399 0.013098 153.591 0.880474 0.474093 -1.43913e-05 113.885 -0.00619701 0.0115393 0.999914 0.638991
0.473999 -0.880457 0.0109717 153.947 0.880525 0.473971 -0.00516276 114.58 -0.000654684 0.012108 0.999926 0.641181
0.474112 -0.880437 0.00698282 154.33 0.880464 0.474103 -0.00295027 115.352 -0.000713055 0.00754688 0.999971 0.643924
0.473345 -0.880873 0.00261882 154.718 0.880872 0.47335 0.00196562 116.116 -0.00297108 0.00137643 0.999995 0.64959
0.472573 -0.881291 0.000264732 155.095 0.881263 0.47256 0.00785096 116.842 -0.00704408 -0.00347685 0.999969 0.64241
0.472382 -0.881392 0.00189909 155.505 0.881348 0.472378 0.00916482 117.594 -0.00897488 -0.00265553 0.999956 0.670008
0.471838 -0.881685 0.000533017 155.882 0.881641 0.47182 0.00977063 118.329 -0.0088661 -0.00414022 0.999952 0.666438
0.471647 -0.881787 0.000983802 156.266 0.881768 0.471643 0.0060979 119.046 -0.00584106 -0.00200857 0.999981 0.652501
0.470764 -0.882257 -0.00193962 156.634 0.882259 0.47076 0.002072 119.776 -0.000914943 -0.00268667 0.999996 0.663331
0.469731 -0.882798 -0.00447935 156.995 0.882805 0.469706 0.00558157 120.472 -0.00282343 -0.00657623 0.999974 0.655321
0.467952 -0.88373 -0.00659095 157.385 0.88369 0.467814 0.0155667 121.214 -0.0106734 -0.0131088 0.999857 0.656654
0.46626 -0.884647 -0.00128332 157.761 0.884462 0.466132 0.0211558 121.929 -0.0181172 -0.0109992 0.999775 0.689929
0.465688 -0.884884 0.0107455 158.123 0.884733 0.465808 0.0164112 122.58 -0.0195273 0.00186438 0.999807 0.667885
0.464956 -0.885234 0.0132973 158.48 0.885186 0.4651 0.0112809 123.264 -0.0161708 0.00652548 0.999848 0.679856
0.46601 -0.884724 0.00990461 158.802 0.884728 0.466074 0.00554976 123.896 -0.00952629 0.00617665 0.999936 0.685121
0.466876 -0.884311 0.00462546 159.142 0.884313 0.466889 0.00227179 124.525 -0.00416855 0.00302971 0.999987 0.685215
0.467876 -0.883777 0.00548358 159.451 0.883794 0.467862 -0.00366304 125.174 0.000671749 0.0065602 0.999978 0.670321
0.47031 -0.882488 0.00477859 159.798 0.882496 0.470282 -0.00601387 125.787 0.00305988 0.00704547 0.99997 0.678126
0.474296 -0.880358 0.00378104 160.13 0.880358 0.474269 -0.00619651 126.384 0.00366191 0.00626765 0.999974 0.69948
0.478898 -0.87787 -0.00112148 160.43 0.877869 0.478894 0.00232163 126.959 -0.00150102 -0.00209633 0.999997 0.699217
0.483837 -0.875157 -0.00101963 160.721 0.875097 0.48379 0.0123404 127.526 -0.0103065 -0.00686301 0.999923 0.714789
0.48961 -0.871938 0.00234517 161.047 0.87183 0.489589 0.0146592 128.153 -0.0139301 -0.00513271 0.99989 0.750831
0.494964 -0.868894 0.00578773 161.302 0.868831 0.494998 0.0104523 128.631 -0.0119469 -0.000144953 0.999929 0.732271
0.500926 -0.865489 0.00108686 161.647 0.865478 0.500925 0.00455011 129.255 -0.00448251 -0.00133861 0.999989 0.706304
0.507963 -0.861373 -0.00329319 161.995 0.861371 0.507971 -0.00240119 129.791 0.00374117 -0.00161694 0.999992 0.711761
0.513984 -0.857724 -0.0114094 162.311 0.857767 0.514036 -0.00195062 130.377 0.00753791 -0.00878398 0.999933 0.730806
0.520083 -0.854022 -0.0126582 162.649 0.854097 0.520113 0.00107765 130.902 0.00566334 -0.0113718 0.999919 0.720164
0.524911 -0.851105 -0.00941945 162.996 0.851156 0.52489 0.0047764 131.466 0.000878964 -0.0105246 0.999944 0.747731
0.529379 -0.848385 -0.000641258 163.354 0.848372 0.529367 0.00589358 132.019 -0.00466057 -0.00366397 0.999982 0.754344
